0.78 
0.84 
0.78 
0.81 
0.76 
0.79 
0.83 
0.72 
0.60 
0.58 
0.58 
0.56 
0.58 
0.57 
0.62 
0.60 
0.54 
0.55 
0.54 
0.57 
0.59 
0.60 
0.58 
0.64 
0.72 
0.71 
1.00 
0.72 
0.72 
0.70 
0.47 
0.66 
0.43 
0.48 
0.45 
0.52 
0.46 
0.51 
0.44 
0.45 
0.53 
0.50 
0.46 
0.49 
0.81 
0.77 
0.84 
0.76 
0.60 
0.60 
0.59 
0.60 
0.58 
0.61 
0.55 
0.53 
0.57 
0.52 
0.42 
0.45 
0.42 
0.36 
0.38 
0.36 
0.39 
0.39 
0.38 
0.38 
0.56 
0.63 
0.73 
0.74 
0.72 
0.79 
0.72 
0.78 
0.78 
0.78 
0.83 
0.90 
0.85 
0.84 
0.92 
1.05 
0.91 
0.94 
0.89 
0.90 
0.91 
0.82 
0.84 
0.79 
0.91 
0.84 
0.75 
0.69 
