0.08 
0.09 
0.12 
0.13 
0.06 
0.08 
0.09 
0.08 
0.09 
0.06 
0.09 
0.09 
0.10 
0.09 
0.05 
0.07 
0.08 
0.07 
0.43 
0.07 
0.35 
0.17 
0.13 
0.12 
0.07 
0.23 
0.53 
0.10 
0.05 
0.30 
0.08 
0.12 
0.02 
0.02 
0.03 
0.10 
0.43 
0.05 
0.02 
0.02 
0.07 
0.07 
0.06 
0.08 
0.06 
0.08 
0.02 
0.00 
0.03 
0.05 
0.06 
0.02 
0.08 
0.07 
0.13 
0.10 
0.07 
0.07 
0.12 
0.12 
0.06 
0.05 
0.08 
0.12 
0.29 
0.24 
0.13 
0.09 
0.09 
0.08 
0.09 
0.14 
0.22 
0.22 
0.17 
0.17 
0.20 
0.15 
0.10 
0.09 
0.10 
0.16 
0.16 
0.14 
0.10 
0.13 
0.14 
0.10 
0.08 
0.08 
0.10 
0.07 
0.08 
0.07 
0.09 
0.09 
