  0.22800000
  0.19200000
  0.23400000
  0.20400000
  0.18000000
  0.16200000
  0.14700000
  0.19500000
  0.10500000
  0.11400000
  0.14700000
  0.21300000
  0.11400000
  0.08100000
  0.15600000
  0.17700000
  0.15000000
  0.11400000
  0.14100000
  0.19800000
  0.12600000
  0.13500000
  0.10800000
  0.15900000
  0.15600000
  0.10500000
  0.13500000
  0.11100000
  0.23700000
  0.18300000
  0.19500000
  0.56100000
  0.62100000
  0.64500000
  0.51300000
  0.37200000
  0.67500000
  0.47100000
  0.33900000
  0.29400000
  0.24300000
  0.23100000
  0.33900000
  0.58500000
  0.35400000
  0.24300000
  0.30000000
  0.34200000
  0.98700000
  0.39300000
  0.28200000
  0.30600000
  0.23100000
  0.24000000
  0.24000000
  0.19500000
  0.33000000
  0.26400000
  0.28500000
  0.66000000
  0.62700000
  0.42600000
  0.20700000
  0.22500000
  0.27900000
  0.31200000
  0.27000000
  0.20700000
  0.30600000
  0.25200000
  0.30000000
  0.23400000
  0.24600000
  0.24900000
  0.21000000
  0.32700000
  0.20700000
  0.27000000
  0.33900000
  0.32700000
  0.33300000
  0.29100000
  0.37200000
  0.30600000
  0.40800000
  0.42300000
  0.36300000
  0.47700000
  0.39000000
  0.42600000
  0.42600000
  0.40500000
  0.32700000
  0.30300000
  0.27900000
  0.26700000
