  0.08700000
  0.10500000
  0.08700000
  0.09600000
  0.18900000
  0.11700000
  0.10500000
  0.09300000
  0.15900000
  0.14100000
  0.10200000
  0.05400000
  0.08400000
  0.11400000
  0.12600000
  0.08100000
  0.87000000
  0.43200000
  0.60600000
  0.34500000
  0.48000000
  0.52200000
  0.46500000
  0.71700000
  0.72600000
  1.54500000
  0.87000000
  1.53000000
  1.22700000
  1.07400000
  0.61200000
  0.19500000
  0.20100000
  0.07200000
  0.14700000
  0.09900000
  1.76400000
  0.81600000
  0.11100000
  0.05100000
  0.06600000
  0.06900000
  0.10800000
  0.05400000
  0.19800000
  0.10200000
  0.54000000
  0.32700000
  0.14400000
  0.13800000
  0.54300000
  0.48300000
  0.39000000
  0.41400000
  0.08400000
  0.07500000
  0.11400000
  0.15900000
  0.37800000
  0.18600000
  0.57600000
  0.86700000
  1.20600000
  0.57300000
  0.75600000
  0.40200000
  1.02600000
  0.91200000
  0.30900000
  0.27000000
  0.38400000
  0.57300000
  0.61800000
  0.60600000
  0.76800000
  1.49700000
  0.77100000
  0.75300000
  0.58500000
  0.34200000
  0.92400000
  0.67800000
  0.63900000
  0.61800000
  0.59700000
  0.43800000
  0.30000000
  0.29400000
  0.23100000
  0.18000000
  0.18000000
  0.19800000
  0.17100000
  0.12900000
  0.07200000
  0.08100000
