1.41 
1.45 
1.23 
1.27 
1.32 
1.32 
1.26 
1.21 
1.20 
1.30 
1.13 
1.25 
1.37 
1.26 
1.06 
1.17 
1.05 
1.15 
1.08 
1.08 
3.25 
1.85 
1.87 
3.02 
1.20 
2.30 
1.53 
2.29 
4.43 
3.45 
4.38 
2.62 
2.52 
1.80 
1.97 
1.68 
2.37 
2.24 
1.57 
2.12 
4.71 
5.36 
5.47 
6.29 
6.32 
6.08 
3.96 
3.40 
2.30 
2.16 
2.09 
1.76 
2.34 
1.77 
2.91 
3.23 
2.48 
2.20 
2.15 
2.87 
2.59 
2.55 
3.29 
3.61 
3.36 
2.64 
3.04 
4.30 
3.99 
2.98 
3.33 
2.98 
2.23 
2.49 
3.33 
6.17 
3.12 
4.19 
2.97 
3.30 
4.23 
3.65 
2.52 
2.45 
2.45 
2.21 
2.17 
2.16 
2.20 
2.05 
1.81 
1.79 
1.67 
1.62 
1.53 
1.48 
