1.13 
1.26 
1.04 
0.87 
0.77 
0.71 
0.47 
0.43 
0.44 
0.48 
0.39 
0.36 
0.36 
0.35 
0.43 
0.36 
0.53 
0.42 
0.65 
0.98 
1.06 
1.22 
1.05 
0.93 
0.45 
0.33 
0.35 
0.45 
0.73 
0.84 
0.94 
0.77 
0.57 
0.47 
0.60 
0.61 
0.47 
0.75 
0.71 
0.95 
0.86 
0.87 
0.82 
0.83 
0.79 
0.77 
1.09 
1.07 
1.11 
1.43 
1.19 
0.65 
1.06 
1.29 
1.11 
1.52 
1.16 
1.26 
0.64 
0.62 
0.61 
0.70 
1.07 
0.95 
0.79 
1.07 
1.44 
1.28 
0.70 
0.98 
1.45 
1.36 
1.39 
1.51 
1.39 
1.34 
1.40 
1.36 
1.56 
1.53 
1.33 
1.53 
1.75 
1.79 
1.43 
1.52 
1.49 
1.20 
1.01 
1.00 
1.21 
1.06 
1.29 
1.34 
1.40 
1.24 
