1.33 
1.37 
1.16 
1.20 
1.24 
1.24 
1.19 
1.14 
1.13 
1.23 
1.07 
1.18 
1.29 
1.19 
1.00 
1.10 
0.99 
1.08 
1.02 
1.02 
3.06 
1.74 
1.76 
2.85 
1.13 
2.17 
1.44 
2.16 
4.18 
3.25 
4.13 
2.47 
2.38 
1.70 
1.86 
1.58 
2.23 
2.11 
1.48 
2.00 
4.44 
5.05 
5.16 
5.93 
5.96 
5.73 
3.73 
3.21 
2.17 
2.04 
1.97 
1.66 
2.21 
1.67 
2.74 
3.05 
2.34 
2.07 
2.03 
2.71 
2.44 
2.40 
3.10 
3.40 
3.17 
2.49 
2.87 
4.05 
3.76 
2.81 
3.14 
2.81 
2.10 
2.35 
3.14 
5.82 
2.94 
3.95 
2.80 
3.11 
3.99 
3.44 
2.38 
2.31 
2.31 
2.08 
2.05 
2.04 
2.07 
1.93 
1.71 
1.69 
1.57 
1.53 
1.44 
1.40 
