0.14 
0.16 
0.12 
0.09 
0.13 
0.07 
0.09 
0.08 
0.09 
0.09 
0.11 
0.11 
0.09 
0.08 
0.12 
0.08 
0.08 
0.04 
0.14 
0.96 
0.34 
0.11 
0.10 
0.80 
0.12 
0.12 
0.09 
0.37 
0.93 
1.20 
0.43 
0.68 
0.57 
0.18 
0.76 
0.16 
0.44 
0.39 
0.28 
0.19 
0.27 
0.12 
0.34 
0.28 
0.33 
0.39 
0.18 
0.28 
0.45 
0.39 
0.86 
1.05 
0.80 
0.39 
0.22 
0.39 
0.31 
0.32 
0.34 
0.33 
0.48 
0.94 
0.68 
0.48 
1.06 
0.52 
0.55 
0.36 
0.30 
0.28 
0.83 
0.88 
0.55 
0.31 
0.31 
0.32 
0.37 
0.36 
0.38 
0.33 
0.34 
0.33 
0.33 
0.42 
0.29 
0.24 
0.28 
0.23 
0.22 
0.18 
0.13 
0.16 
0.10 
0.10 
0.16 
0.18 
