  0.21120000
  0.19680000
  0.18240000
  0.18480000
  0.19440000
  0.21600000
  0.18720000
  0.22320000
  0.13680000
  0.19440000
  0.18240000
  0.19200000
  0.12720000
  0.18480000
  0.15120000
  0.19920000
  0.30720000
  0.59040000
  0.66960000
  0.94800000
  0.79920000
  1.03440000
  1.15920000
  1.40400000
  1.15440000
  1.14000000
  0.34800000
  0.63120000
  0.76080000
  0.48240000
  0.33360000
  0.36240000
  0.17280000
  0.35760000
  0.32640000
  0.44880000
  0.08400000
  0.10320000
  0.72960000
  0.72960000
  0.37920000
  0.47520000
  0.47520000
  0.26880000
  0.13440000
  0.16080000
  0.32160000
  0.42000000
  0.13920000
  0.14880000
  0.31920000
  0.34800000
  0.92640000
  0.61200000
  0.82560000
  0.65520000
  0.55200000
  0.53760000
  0.98160000
  0.88080000
  0.70080000
  0.45360000
  0.59520000
  0.70560000
  0.42960000
  0.76800000
  1.05600000
  0.76800000
  0.49920000
  0.75840000
  1.15200000
  1.23120000
  0.95280000
  1.29600000
  1.37760000
  1.33680000
  1.00320000
  0.61200000
  0.96240000
  0.83520000
  0.68640000
  0.78000000
  0.73920000
  0.63840000
  0.34080000
  0.43440000
  0.83040000
  0.70320000
  0.41760000
  0.38160000
  0.26640000
  0.24240000
  0.24960000
  0.25920000
  0.23040000
  0.19200000
