  0.10800000
  0.12000000
  0.06300000
  0.07500000
  0.06300000
  0.07500000
  0.08400000
  0.06900000
  0.07200000
  0.02400000
  0.11100000
  0.11400000
  0.05100000
  0.03300000
  0.07200000
  0.14700000
  0.05400000
  0.02400000
  0.02400000
  0.11100000
  0.09300000
  0.02400000
  0.02400000
  0.03600000
  0.16200000
  0.10500000
  0.35400000
  0.22800000
  1.00500000
  1.38300000
  1.20900000
  0.30300000
  0.16200000
  0.33600000
  0.15900000
  0.12900000
  0.22800000
  0.34200000
  0.19800000
  0.16800000
  0.21000000
  0.77100000
  0.90300000
  0.65100000
  1.61700000
  1.91700000
  1.52700000
  1.32300000
  1.67700000
  1.30800000
  1.05000000
  0.85500000
  0.52200000
  0.49500000
  0.46800000
  0.39300000
  0.41700000
  0.41100000
  0.19500000
  0.29100000
  0.49500000
  0.40500000
  0.18000000
  0.30900000
  0.35400000
  0.43500000
  0.35700000
  0.34200000
  0.29700000
  0.21600000
  0.64200000
  0.73800000
  0.41400000
  0.57600000
  0.87300000
  0.87300000
  0.96600000
  0.88500000
  0.61200000
  0.24000000
  0.29700000
  0.48300000
  0.32100000
  0.42300000
  0.25800000
  0.27600000
  0.29700000
  0.37200000
  0.17700000
  0.34200000
  0.21300000
  0.18300000
  0.12300000
  0.15600000
  0.08700000
  0.07200000
