0.47 
0.21 
0.26 
0.29 
0.28 
0.22 
0.25 
0.25 
0.21 
0.19 
0.22 
0.30 
0.19 
0.21 
0.25 
0.22 
0.23 
0.25 
0.31 
0.42 
0.46 
0.44 
0.34 
0.24 
0.45 
0.19 
0.31 
0.34 
0.22 
0.23 
0.27 
0.43 
0.18 
0.17 
0.21 
0.24 
0.26 
0.17 
0.35 
0.19 
0.25 
0.20 
0.12 
0.16 
0.24 
0.12 
0.21 
0.23 
0.44 
0.15 
0.26 
0.21 
0.19 
0.19 
0.31 
0.23 
0.21 
0.20 
0.20 
0.23 
0.19 
0.19 
0.19 
0.17 
0.22 
0.19 
0.18 
0.21 
0.16 
0.23 
0.36 
0.31 
0.59 
0.41 
0.43 
0.46 
0.47 
0.39 
0.43 
0.60 
0.31 
0.28 
0.34 
0.34 
0.29 
0.31 
0.29 
0.26 
0.30 
0.35 
0.28 
0.28 
0.35 
0.31 
0.30 
0.26 
