0.04 
0.13 
0.02 
0.04 
0.08 
0.04 
0.05 
0.04 
0.04 
0.05 
0.04 
0.04 
0.07 
0.03 
0.01 
0.14 
0.04 
0.01 
0.08 
0.07 
0.04 
0.05 
1.74 
1.46 
0.89 
0.70 
0.17 
0.24 
0.40 
0.43 
0.16 
0.18 
0.18 
0.14 
0.13 
0.16 
0.12 
0.09 
0.07 
0.14 
0.08 
0.13 
0.13 
0.07 
0.12 
0.13 
0.08 
0.12 
0.61 
0.15 
0.07 
0.04 
0.02 
0.07 
0.02 
0.02 
0.05 
0.01 
0.05 
0.08 
0.02 
0.04 
0.00 
0.02 
0.12 
0.00 
0.01 
0.13 
0.05 
0.08 
2.02 
0.15 
0.17 
0.18 
0.61 
0.17 
0.36 
0.25 
0.18 
0.16 
0.13 
0.13 
0.08 
0.07 
0.13 
0.08 
0.22 
0.07 
0.03 
0.00 
0.04 
0.05 
0.02 
0.05 
0.05 
0.00 
