1.07 
1.57 
1.12 
1.12 
1.61 
1.51 
1.52 
1.43 
1.18 
1.16 
1.48 
1.58 
1.12 
1.16 
0.90 
1.11 
1.20 
1.46 
1.56 
1.49 
1.61 
1.52 
8.46 
8.95 
8.07 
9.74 
8.31 
5.13 
8.27 
4.64 
7.14 
3.45 
2.89 
3.95 
8.70 
4.97 
4.95 
5.46 
4.34 
6.11 
4.71 
7.69 
4.99 
5.46 
8.01 
8.12 
5.92 
5.38 
5.69 
5.87 
6.89 
8.02 
5.37 
5.44 
9.12 
5.38 
6.02 
6.89 
5.19 
6.55 
4.55 
5.08 
10.17 
8.07 
4.93 
5.69 
5.25 
8.93 
7.64 
5.69 
9.78 
8.03 
5.71 
4.56 
5.25 
7.02 
4.67 
5.46 
7.71 
6.61 
4.60 
4.44 
4.63 
4.31 
4.93 
4.36 
3.69 
2.67 
1.35 
1.31 
0.64 
1.14 
1.48 
1.37 
1.44 
1.37 
