1.41 
1.05 
0.91 
1.00 
0.94 
1.03 
0.84 
0.66 
1.00 
1.73 
1.15 
1.11 
1.01 
1.09 
0.51 
0.29 
0.36 
0.32 
0.77 
0.33 
0.25 
0.34 
0.83 
2.04 
2.78 
2.70 
2.24 
2.36 
3.03 
2.76 
2.46 
2.57 
4.21 
3.19 
2.56 
1.98 
1.60 
1.55 
1.17 
1.12 
1.54 
1.73 
1.39 
1.62 
2.02 
1.83 
2.31 
2.60 
1.64 
1.26 
1.03 
1.06 
1.38 
1.40 
1.55 
1.60 
2.07 
1.73 
1.28 
1.95 
1.32 
1.58 
1.99 
1.44 
1.21 
1.42 
1.84 
2.38 
1.96 
1.69 
1.82 
2.17 
2.01 
1.55 
1.93 
2.68 
1.45 
1.33 
1.61 
1.62 
1.38 
1.48 
1.95 
2.19 
1.61 
1.83 
2.58 
2.25 
1.44 
1.36 
1.52 
1.43 
0.72 
0.64 
1.20 
0.91 
