1.24 
0.92 
0.81 
0.88 
0.83 
0.90 
0.74 
0.58 
0.88 
1.53 
1.01 
0.98 
0.89 
0.96 
0.45 
0.25 
0.32 
0.28 
0.68 
0.29 
0.22 
0.30 
0.73 
1.80 
2.45 
2.38 
1.97 
2.08 
2.67 
2.43 
2.17 
2.26 
3.71 
2.81 
2.25 
1.75 
1.41 
1.37 
1.03 
0.99 
1.36 
1.53 
1.22 
1.43 
1.78 
1.61 
2.04 
2.29 
1.45 
1.11 
0.90 
0.93 
1.21 
1.23 
1.37 
1.41 
1.83 
1.53 
1.13 
1.72 
1.17 
1.39 
1.76 
1.27 
1.07 
1.25 
1.62 
2.10 
1.73 
1.49 
1.60 
1.91 
1.77 
1.37 
1.70 
2.36 
1.28 
1.18 
1.42 
1.43 
1.21 
1.30 
1.72 
1.93 
1.42 
1.61 
2.27 
1.98 
1.27 
1.20 
1.34 
1.26 
0.63 
0.56 
1.06 
0.81 
