1.21 
1.34 
1.10 
0.93 
0.82 
0.76 
0.50 
0.46 
0.47 
0.51 
0.42 
0.38 
0.38 
0.37 
0.46 
0.39 
0.56 
0.45 
0.70 
1.04 
1.12 
1.30 
1.11 
0.99 
0.48 
0.35 
0.37 
0.48 
0.78 
0.90 
1.00 
0.82 
0.60 
0.50 
0.64 
0.65 
0.50 
0.80 
0.76 
1.01 
0.92 
0.93 
0.87 
0.88 
0.84 
0.82 
1.17 
1.13 
1.19 
1.52 
1.27 
0.70 
1.12 
1.37 
1.19 
1.62 
1.24 
1.34 
0.68 
0.66 
0.65 
0.75 
1.14 
1.01 
0.84 
1.15 
1.53 
1.36 
0.75 
1.04 
1.54 
1.45 
1.48 
1.60 
1.48 
1.43 
1.49 
1.45 
1.67 
1.63 
1.42 
1.63 
1.86 
1.90 
1.52 
1.62 
1.58 
1.28 
1.07 
1.06 
1.29 
1.12 
1.37 
1.43 
1.49 
1.32 
