  0.11040000
  0.09600000
  0.10080000
  0.11040000
  0.14400000
  0.11760000
  0.12000000
  0.11760000
  0.10800000
  0.12720000
  0.18000000
  0.17760000
  0.11280000
  0.13200000
  0.12000000
  0.10800000
  0.15360000
  0.13920000
  0.06000000
  0.08400000
  0.10800000
  0.10080000
  0.15600000
  0.12960000
  0.10560000
  0.11040000
  0.09840000
  0.12240000
  0.14160000
  0.12960000
  0.06000000
  0.07920000
  0.08400000
  0.07920000
  0.22560000
  0.17280000
  0.80160000
  0.99120000
  1.46400000
  1.72560000
  1.77600000
  1.83360000
  1.93200000
  2.31600000
  1.80480000
  1.44960000
  1.53600000
  1.36800000
  0.92160000
  0.67680000
  0.42720000
  0.35520000
  0.42720000
  0.27840000
  0.37920000
  0.40560000
  0.20400000
  0.20880000
  0.20400000
  0.24000000
  0.20400000
  0.23040000
  0.26640000
  0.23280000
  0.23280000
  0.21600000
  0.17280000
  0.17760000
  0.21840000
  0.24240000
  0.31920000
  0.30240000
  0.24720000
  0.23040000
  0.50880000
  0.89280000
  1.02720000
  0.94560000
  0.62880000
  0.60240000
  0.54240000
  0.44880000
  0.31680000
  0.29520000
  0.17760000
  0.12960000
  0.13440000
  0.11520000
  0.11520000
  0.11280000
  0.15840000
  0.24960000
  0.13200000
  0.18240000
  0.15360000
  0.12240000
