  0.14160000
  0.16080000
  0.12240000
  0.09360000
  0.12960000
  0.07200000
  0.09600000
  0.08400000
  0.09600000
  0.09120000
  0.11280000
  0.10800000
  0.09120000
  0.08400000
  0.12000000
  0.07920000
  0.08160000
  0.04560000
  0.14400000
  1.00800000
  0.35760000
  0.11520000
  0.10080000
  0.84240000
  0.12480000
  0.12720000
  0.08880000
  0.38640000
  0.98400000
  1.26480000
  0.45120000
  0.71760000
  0.59760000
  0.19200000
  0.79920000
  0.16800000
  0.45840000
  0.40560000
  0.29280000
  0.20880000
  0.28320000
  0.12720000
  0.36000000
  0.29520000
  0.34560000
  0.41040000
  0.18960000
  0.29280000
  0.46800000
  0.40560000
  0.90720000
  1.09920000
  0.84720000
  0.40560000
  0.23280000
  0.40560000
  0.32880000
  0.33840000
  0.36240000
  0.34560000
  0.51360000
  0.98640000
  0.71760000
  0.50880000
  1.10880000
  0.55200000
  0.58080000
  0.37680000
  0.31920000
  0.29520000
  0.88080000
  0.93360000
  0.58320000
  0.32640000
  0.32880000
  0.33600000
  0.38640000
  0.37680000
  0.40320000
  0.35040000
  0.35760000
  0.34560000
  0.34800000
  0.43440000
  0.30720000
  0.25920000
  0.29520000
  0.24480000
  0.23520000
  0.19440000
  0.13200000
  0.17040000
  0.09840000
  0.10080000
  0.16800000
  0.18960000
