0.22 
0.24 
0.20 
0.20 
0.23 
0.27 
0.15 
0.20 
0.26 
0.19 
0.17 
0.22 
0.24 
0.16 
1.01 
0.23 
0.31 
0.30 
0.50 
0.24 
0.20 
0.32 
0.15 
0.91 
5.73 
5.44 
1.14 
1.05 
0.42 
0.54 
3.49 
2.89 
2.22 
3.27 
1.67 
2.19 
1.81 
2.02 
1.14 
1.68 
1.24 
2.41 
1.23 
0.89 
2.01 
2.79 
2.48 
1.95 
2.59 
2.60 
2.24 
2.85 
1.02 
1.72 
1.08 
1.62 
3.58 
2.20 
0.78 
0.80 
1.89 
2.12 
0.88 
1.31 
1.25 
0.63 
0.59 
0.76 
0.95 
1.08 
1.06 
1.74 
1.16 
1.05 
0.99 
1.18 
1.93 
1.23 
1.05 
1.09 
1.46 
1.17 
1.43 
1.65 
0.80 
0.65 
0.48 
0.36 
0.35 
0.26 
0.31 
0.27 
0.26 
0.24 
0.30 
0.19 
