2.46 
2.43 
2.44 
2.83 
2.53 
2.07 
2.27 
2.18 
2.11 
2.11 
2.08 
2.12 
1.66 
1.66 
1.62 
1.66 
1.61 
1.62 
1.66 
1.61 
1.12 
3.62 
8.23 
8.24 
1.42 
1.07 
5.01 
5.14 
0.35 
0.36 
0.45 
0.72 
1.13 
1.53 
1.88 
1.13 
1.57 
2.51 
2.38 
1.72 
2.83 
2.02 
3.15 
2.29 
1.84 
2.02 
1.76 
1.80 
1.61 
1.23 
1.57 
1.72 
1.86 
1.42 
0.68 
1.81 
1.62 
2.29 
1.39 
1.27 
1.21 
1.20 
0.54 
1.06 
1.18 
3.28 
0.46 
1.40 
1.82 
0.93 
0.84 
0.90 
1.49 
1.49 
1.38 
1.27 
1.21 
1.49 
0.95 
0.96 
1.93 
2.60 
3.47 
2.06 
2.31 
2.23 
1.96 
2.02 
2.02 
2.02 
2.32 
2.00 
2.77 
1.81 
3.64 
2.04 
