  0.76200000
  1.11600000
  0.79800000
  0.80400000
  1.14000000
  1.06200000
  1.08000000
  1.02000000
  0.82800000
  0.81600000
  1.04400000
  1.12200000
  0.79800000
  0.82200000
  0.64200000
  0.79200000
  0.84600000
  1.03800000
  1.10400000
  1.05600000
  1.14000000
  1.07400000
  6.01200000
  6.35400000
  5.73600000
  6.91200000
  5.88600000
  3.64200000
  5.86800000
  3.30000000
  5.07600000
  2.44200000
  2.05200000
  2.81400000
  6.17400000
  3.53400000
  3.52200000
  3.88200000
  3.09000000
  4.33200000
  3.34800000
  5.45400000
  3.54600000
  3.88200000
  5.68800000
  5.76000000
  4.20000000
  3.81600000
  4.03200000
  4.16400000
  4.89600000
  5.69400000
  3.80400000
  3.85800000
  6.47400000
  3.82200000
  4.27200000
  4.89000000
  3.67800000
  4.64400000
  3.22800000
  3.60600000
  7.21800000
  5.73000000
  3.49800000
  4.03200000
  3.72600000
  6.33000000
  5.41800000
  4.03800000
  6.94200000
  5.70600000
  4.05600000
  3.24000000
  3.73200000
  4.98000000
  3.31200000
  3.87600000
  5.47800000
  4.69200000
  3.26400000
  3.15000000
  3.28800000
  3.06000000
  3.50400000
  3.09600000
  2.62800000
  1.89600000
  0.96000000
  0.93000000
  0.45600000
  0.81000000
  1.05000000
  0.97200000
  1.02600000
  0.97800000
