0.97 
1.43 
1.02 
1.02 
1.47 
1.37 
1.38 
1.30 
1.07 
1.06 
1.35 
1.44 
1.02 
1.06 
0.82 
1.01 
1.09 
1.33 
1.42 
1.36 
1.47 
1.38 
7.70 
8.15 
7.35 
8.87 
7.56 
4.67 
7.53 
4.22 
6.50 
3.14 
2.63 
3.60 
7.92 
4.52 
4.51 
4.97 
3.95 
5.56 
4.29 
7.00 
4.54 
4.97 
7.29 
7.39 
5.39 
4.90 
5.18 
5.34 
6.27 
7.30 
4.89 
4.95 
8.30 
4.90 
5.48 
6.27 
4.72 
5.96 
4.14 
4.62 
9.26 
7.35 
4.49 
5.18 
4.78 
8.13 
6.95 
5.18 
8.90 
7.31 
5.20 
4.15 
4.78 
6.39 
4.25 
4.97 
7.02 
6.02 
4.19 
4.04 
4.21 
3.92 
4.49 
3.97 
3.36 
2.43 
1.23 
1.19 
0.58 
1.04 
1.35 
1.25 
1.31 
1.25 
