0.03 
0.02 
0.03 
0.06 
0.07 
0.13 
0.07 
0.03 
0.03 
0.03 
0.02 
0.00 
0.00 
0.00 
0.02 
0.00 
0.00 
0.00 
0.00 
0.00 
0.01 
0.04 
0.02 
0.02 
0.01 
0.07 
0.02 
0.10 
0.06 
0.03 
0.03 
0.03 
0.03 
0.03 
0.02 
0.03 
0.05 
0.09 
0.19 
0.17 
0.06 
0.19 
0.06 
0.12 
0.03 
0.03 
0.09 
0.17 
0.19 
0.29 
0.03 
0.04 
0.03 
0.06 
0.09 
0.08 
0.02 
0.05 
0.00 
0.07 
0.03 
0.01 
0.00 
0.13 
0.09 
0.07 
0.06 
0.03 
0.04 
0.02 
0.08 
0.08 
0.02 
0.05 
0.02 
0.02 
0.07 
0.03 
0.18 
0.21 
0.15 
0.03 
0.09 
0.09 
0.21 
0.08 
0.03 
0.08 
0.12 
0.03 
0.35 
0.08 
0.05 
0.09 
0.00 
0.01 
