  0.08400000
  0.11700000
  0.15600000
  0.17700000
  0.12300000
  0.11100000
  0.12600000
  0.15900000
  0.14100000
  0.12900000
  0.06600000
  0.06600000
  0.12600000
  0.15300000
  0.18600000
  0.09600000
  0.03900000
  0.07800000
  0.52500000
  0.25500000
  0.23400000
  0.15900000
  2.74500000
  0.68700000
  0.27000000
  0.28800000
  0.16800000
  0.21000000
  0.23700000
  0.23100000
  0.38700000
  1.28100000
  0.37200000
  0.54600000
  0.51900000
  0.42900000
  0.93900000
  0.83700000
  0.36600000
  0.79800000
  0.65400000
  1.17600000
  0.42000000
  0.27900000
  1.29600000
  0.26100000
  0.24900000
  0.22500000
  1.19400000
  1.08600000
  0.27900000
  0.28500000
  1.39500000
  1.78500000
  1.99200000
  0.25500000
  0.25200000
  0.26100000
  0.58200000
  0.30000000
  0.22200000
  0.30000000
  0.30300000
  0.29400000
  0.30000000
  0.24300000
  0.26700000
  0.29100000
  0.15300000
  0.18600000
  0.39900000
  0.42300000
  0.41700000
  0.38700000
  0.33900000
  0.34500000
  0.44700000
  0.48300000
  0.39000000
  0.46500000
  0.34500000
  0.35100000
  0.45600000
  0.43200000
  0.41700000
  0.40200000
  0.50400000
  0.50700000
  0.30000000
  0.28800000
  0.23100000
  0.18300000
  0.20700000
  0.25800000
  0.24600000
  0.21000000
