0.12600000

0.18900000

0.16500000

0.18000000

0.12000000

0.16800000

0.21000000

0.18600000

0.13200000

0.22500000

0.20400000

0.17100000

0.25500000

0.33300000

0.19500000

0.22800000

0.19500000

0.26700000

0.28800000

0.42900000

0.28200000

0.21900000

0.47700000

0.57600000

0.72000000

1.03500000

0.65700000

0.46500000

0.45900000

0.31800000

0.34800000

0.47100000

0.33900000

0.35100000

0.58200000

0.67200000

0.54900000

0.60000000

0.58200000

0.54000000

0.57300000

0.72000000

0.66300000

0.82500000

0.95400000

0.81300000

1.01400000

0.84600000

0.45300000

0.43500000

0.72000000

0.69000000

0.59400000

0.74700000

0.69600000

0.69300000

0.45000000

0.56700000

0.78000000

0.50700000

0.34500000

0.37800000

0.29400000

0.60300000

0.84300000

0.67800000

0.61200000

0.68100000

0.89100000

0.80100000

0.69300000

0.66900000

0.88500000

0.87000000

0.90300000

0.65700000

0.54900000

0.57600000

0.56400000

0.58800000

0.46500000

0.48600000

0.42600000

0.40500000

0.39300000

0.32100000

0.47100000

0.44400000

0.19200000

0.18300000

0.14100000

0.19500000

0.13500000

0.20400000

0.21000000

0.21000000
