  0.70080000
  0.70560000
  0.58800000
  0.59520000
  0.61440000
  0.62640000
  0.64080000
  0.62160000
  0.58320000
  0.57840000
  0.60480000
  0.63600000
  0.62880000
  0.60960000
  0.58560000
  0.59760000
  0.60000000
  0.61200000
  0.81360000
  1.21680000
  1.29840000
  1.13520000
  1.24320000
  1.19040000
  0.93120000
  0.83760000
  1.08000000
  0.77040000
  0.66000000
  0.67200000
  0.99120000
  0.67200000
  0.93360000
  0.76320000
  1.12560000
  1.04640000
  0.64080000
  0.68640000
  0.64560000
  0.65280000
  0.66960000
  0.66960000
  0.63840000
  0.78240000
  0.63600000
  0.63360000
  0.70560000
  0.74640000
  0.71040000
  0.67440000
  0.68640000
  0.80880000
  0.70560000
  0.66240000
  0.70080000
  0.67200000
  0.59280000
  0.85200000
  0.85920000
  0.76080000
  0.86880000
  0.71280000
  0.71760000
  0.65280000
  0.69360000
  0.78480000
  0.67680000
  0.70320000
  0.67920000
  0.74400000
  0.70320000
  0.79680000
  0.85680000
  0.78960000
  0.76320000
  0.87840000
  0.78720000
  0.84720000
  0.93360000
  0.90480000
  0.99120000
  1.13760000
  0.98640000
  0.97200000
  1.01760000
  1.12560000
  1.00800000
  0.91920000
  0.80160000
  0.80640000
  0.75840000
  0.79440000
  0.74160000
  0.73440000
  0.71760000
  0.68400000
