0.22 
0.24 
0.20 
0.20 
0.23 
0.28 
0.15 
0.20 
0.27 
0.19 
0.17 
0.22 
0.25 
0.16 
1.03 
0.23 
0.32 
0.31 
0.51 
0.25 
0.20 
0.33 
0.15 
0.93 
5.85 
5.55 
1.16 
1.07 
0.43 
0.55 
3.56 
2.95 
2.27 
3.34 
1.71 
2.24 
1.85 
2.06 
1.16 
1.72 
1.27 
2.46 
1.26 
0.91 
2.05 
2.85 
2.53 
1.99 
2.64 
2.65 
2.29 
2.91 
1.04 
1.76 
1.10 
1.65 
3.66 
2.25 
0.80 
0.82 
1.93 
2.16 
0.90 
1.34 
1.28 
0.64 
0.60 
0.78 
0.97 
1.10 
1.08 
1.78 
1.18 
1.07 
1.01 
1.20 
1.97 
1.26 
1.07 
1.11 
1.49 
1.19 
1.46 
1.68 
0.82 
0.66 
0.49 
0.37 
0.36 
0.27 
0.32 
0.28 
0.27 
0.25 
0.31 
0.19 
