0.03 
0.02 
0.03 
0.04 
0.05 
0.12 
0.05 
0.03 
0.03 
0.03 
0.02 
0.00 
0.00 
0.00 
0.02 
0.00 
0.00 
0.00 
0.00 
0.00 
0.01 
0.04 
0.02 
0.02 
0.01 
0.05 
0.02 
0.09 
0.04 
0.03 
0.03 
0.03 
0.03 
0.03 
0.02 
0.03 
0.04 
0.08 
0.16 
0.14 
0.04 
0.16 
0.04 
0.11 
0.03 
0.03 
0.08 
0.14 
0.16 
0.24 
0.03 
0.04 
0.03 
0.04 
0.08 
0.07 
0.02 
0.04 
0.00 
0.05 
0.03 
0.01 
0.00 
0.12 
0.08 
0.05 
0.04 
0.03 
0.04 
0.02 
0.07 
0.07 
0.02 
0.04 
0.02 
0.02 
0.05 
0.03 
0.15 
0.18 
0.13 
0.03 
0.08 
0.08 
0.18 
0.07 
0.03 
0.07 
0.11 
0.03 
0.30 
0.07 
0.04 
0.08 
0.00 
0.01 
