  0.14800000
  0.16400000
  0.10800000
  0.12000000
  0.11200000
  0.14800000
  0.21600000
  0.18000000
  0.10000000
  0.07200000
  0.10400000
  0.19600000
  0.18400000
  0.12000000
  0.06800000
  0.06800000
  0.10800000
  0.10400000
  0.20400000
  1.34000000
  1.52400000
  0.82400000
  0.28400000
  2.69600000
  0.38000000
  0.36800000
  0.32000000
  0.31600000
  0.26000000
  0.31200000
  0.73200000
  0.22400000
  0.75200000
  0.23200000
  0.17200000
  0.22400000
  0.23600000
  1.14800000
  4.17200000
  1.74400000
  0.55200000
  0.81600000
  0.54000000
  1.06400000
  1.05200000
  1.12000000
  0.46800000
  0.33600000
  0.29600000
  0.37200000
  0.27200000
  0.56000000
  0.36400000
  0.29200000
  0.15600000
  0.14400000
  0.41200000
  0.60400000
  0.26400000
  0.27600000
  0.26400000
  0.26000000
  0.22400000
  0.30400000
  0.46800000
  0.41600000
  0.30000000
  0.56400000
  0.20800000
  0.29200000
  0.55600000
  0.74800000
  0.75200000
  0.97600000
  1.46400000
  2.40400000
  1.70800000
  1.57600000
  1.73200000
  0.75600000
  1.06800000
  1.34800000
  0.83200000
  0.95200000
  0.48000000
  0.55200000
  0.45200000
  0.38000000
  0.33200000
  0.32400000
  0.32800000
  0.26400000
  0.14000000
  0.10800000
  0.18000000
  0.15200000
