0.07 
0.07 
0.07 
0.13 
0.07 
0.07 
0.07 
0.07 
0.10 
0.07 
0.07 
0.07 
0.09 
0.12 
0.07 
0.07 
0.07 
0.07 
0.10 
0.07 
0.07 
0.05 
0.09 
0.22 
0.12 
0.44 
0.20 
0.08 
0.02 
0.07 
0.00 
0.03 
0.34 
0.22 
0.15 
0.27 
0.18 
0.12 
0.15 
0.10 
0.20 
0.20 
0.12 
0.15 
0.33 
0.25 
0.07 
0.19 
0.09 
0.07 
0.07 
0.01 
0.00 
0.07 
0.00 
0.00 
0.04 
0.15 
0.09 
0.07 
0.10 
0.13 
0.07 
0.10 
0.09 
0.15 
0.10 
0.10 
0.07 
0.19 
0.13 
0.14 
0.62 
0.80 
0.45 
0.27 
0.25 
0.20 
0.25 
0.13 
0.12 
0.11 
0.15 
0.07 
0.07 
0.07 
0.12 
0.07 
0.07 
0.11 
0.11 
0.10 
0.07 
0.13 
0.07 
0.10 
