0.04 
0.11 
0.02 
0.04 
0.08 
0.04 
0.05 
0.04 
0.04 
0.05 
0.04 
0.04 
0.07 
0.03 
0.01 
0.12 
0.04 
0.01 
0.08 
0.07 
0.04 
0.05 
1.56 
1.31 
0.80 
0.63 
0.15 
0.22 
0.36 
0.39 
0.14 
0.16 
0.16 
0.12 
0.11 
0.14 
0.10 
0.09 
0.07 
0.12 
0.08 
0.11 
0.11 
0.07 
0.10 
0.11 
0.08 
0.10 
0.55 
0.13 
0.07 
0.04 
0.02 
0.07 
0.02 
0.02 
0.05 
0.01 
0.05 
0.08 
0.02 
0.04 
0.00 
0.02 
0.10 
0.00 
0.01 
0.11 
0.05 
0.08 
1.81 
0.13 
0.15 
0.16 
0.55 
0.15 
0.32 
0.23 
0.16 
0.14 
0.11 
0.11 
0.08 
0.07 
0.11 
0.08 
0.20 
0.07 
0.03 
0.00 
0.04 
0.05 
0.02 
0.05 
0.05 
0.00 
