  0.09000000
  0.19200000
  0.19200000
  0.13800000
  0.03600000
  0.09600000
  0.10200000
  0.10200000
  0.10200000
  0.04800000
  0.06000000
  0.15000000
  0.03600000
  0.03600000
  0.10800000
  0.13800000
  0.60000000
  0.44400000
  0.12000000
  0.12000000
  0.56400000
  1.56000000
  0.97200000
  1.18200000
  0.70200000
  0.54000000
  0.31200000
  0.19800000
  0.26400000
  0.32400000
  0.25800000
  0.75600000
  0.09000000
  0.07200000
  0.10200000
  0.11400000
  0.13200000
  0.15000000
  0.07800000
  0.12600000
  0.18000000
  0.13800000
  0.03600000
  0.12000000
  0.10200000
  0.07200000
  0.09600000
  0.03600000
  0.15600000
  0.13800000
  0.06600000
  0.12000000
  0.13800000
  0.16200000
  0.10800000
  0.19200000
  0.15000000
  0.09000000
  0.10800000
  0.11400000
  0.39000000
  0.16200000
  0.18000000
  0.22200000
  0.09000000
  0.32400000
  0.13800000
  0.08400000
  0.10800000
  0.15000000
  0.18600000
  0.21000000
  0.22800000
  0.15600000
  1.17000000
  0.67200000
  0.30600000
  0.21600000
  0.21000000
  0.29400000
  0.41400000
  0.30000000
  0.76200000
  0.17400000
  0.30600000
  0.27000000
  0.12000000
  0.17400000
  0.42600000
  0.34800000
  0.20400000
  0.13800000
  0.11400000
  0.07200000
  0.15600000
  0.15000000
