  0.11200000
  0.25600000
  0.16000000
  0.20000000
  0.27600000
  0.15200000
  0.30400000
  0.10000000
  0.19200000
  0.12000000
  0.16000000
  0.18000000
  0.15200000
  0.14400000
  0.22400000
  0.10000000
  0.26000000
  0.14800000
  0.18000000
  0.12400000
  0.18800000
  0.15600000
  0.14400000
  0.14400000
  0.15200000
  0.15200000
  0.15600000
  0.11200000
  0.10000000
  0.13200000
  0.08000000
  0.18400000
  0.28800000
  0.40000000
  0.66800000
  0.65600000
  0.72000000
  0.56800000
  0.52400000
  0.47200000
  0.54800000
  0.45200000
  0.37200000
  0.39600000
  0.48400000
  0.39600000
  0.30400000
  0.42800000
  0.55600000
  0.38800000
  0.66000000
  0.67200000
  0.34400000
  0.41200000
  0.64400000
  0.55600000
  0.48000000
  0.45600000
  0.41600000
  0.42800000
  0.54800000
  0.44400000
  0.48000000
  0.55200000
  0.38800000
  0.23600000
  0.42400000
  0.44000000
  0.44400000
  0.38400000
  0.22000000
  0.34000000
  0.19600000
  0.25200000
  0.35200000
  0.18400000
  0.24400000
  0.33600000
  0.23200000
  0.23200000
  0.34800000
  0.20000000
  0.17200000
  0.24000000
  0.15600000
  0.22800000
  0.15600000
  0.19200000
  0.09600000
  0.17200000
  0.11600000
  0.11600000
  0.10400000
  0.08400000
  0.09600000
  0.10000000
