0.04 
0.10 
0.02 
0.04 
0.07 
0.04 
0.05 
0.04 
0.04 
0.05 
0.04 
0.04 
0.06 
0.03 
0.01 
0.11 
0.04 
0.01 
0.07 
0.06 
0.04 
0.05 
1.43 
1.20 
0.74 
0.58 
0.14 
0.20 
0.33 
0.36 
0.13 
0.15 
0.15 
0.11 
0.10 
0.13 
0.09 
0.08 
0.06 
0.11 
0.07 
0.10 
0.10 
0.06 
0.09 
0.10 
0.07 
0.09 
0.51 
0.12 
0.06 
0.04 
0.02 
0.06 
0.02 
0.02 
0.05 
0.01 
0.05 
0.07 
0.02 
0.04 
0.00 
0.02 
0.09 
0.00 
0.01 
0.10 
0.05 
0.07 
1.66 
0.12 
0.14 
0.15 
0.51 
0.14 
0.29 
0.21 
0.15 
0.13 
0.10 
0.10 
0.07 
0.06 
0.10 
0.07 
0.18 
0.06 
0.03 
0.00 
0.04 
0.05 
0.02 
0.05 
0.05 
0.00 
