0.20 
0.19 
0.18 
0.18 
0.19 
0.20 
0.19 
0.21 
0.14 
0.19 
0.18 
0.19 
0.13 
0.18 
0.15 
0.20 
0.29 
0.57 
0.64 
0.92 
0.77 
0.99 
1.12 
1.36 
1.11 
1.10 
0.33 
0.61 
0.73 
0.47 
0.32 
0.35 
0.17 
0.34 
0.31 
0.43 
0.08 
0.10 
0.70 
0.70 
0.37 
0.46 
0.46 
0.26 
0.13 
0.16 
0.31 
0.41 
0.14 
0.15 
0.31 
0.33 
0.90 
0.60 
0.80 
0.63 
0.54 
0.52 
0.95 
0.85 
0.67 
0.44 
0.58 
0.68 
0.42 
0.74 
1.02 
0.74 
0.48 
0.73 
1.11 
1.19 
0.92 
1.25 
1.33 
1.29 
0.97 
0.60 
0.93 
0.81 
0.66 
0.75 
0.71 
0.61 
0.33 
0.42 
0.80 
0.68 
0.40 
0.37 
0.25 
0.23 
0.24 
0.25 
0.22 
0.19 
