0.76 
0.76 
0.63 
0.64 
0.67 
0.68 
0.70 
0.68 
0.63 
0.62 
0.66 
0.69 
0.68 
0.67 
0.63 
0.64 
0.66 
0.67 
0.88 
1.32 
1.40 
1.24 
1.34 
1.29 
1.01 
0.91 
1.17 
0.84 
0.72 
0.73 
1.07 
0.73 
1.01 
0.83 
1.23 
1.14 
0.70 
0.74 
0.70 
0.71 
0.73 
0.73 
0.69 
0.85 
0.69 
0.69 
0.76 
0.81 
0.77 
0.73 
0.74 
0.88 
0.76 
0.72 
0.76 
0.73 
0.64 
0.92 
0.93 
0.83 
0.94 
0.77 
0.77 
0.71 
0.75 
0.85 
0.73 
0.76 
0.74 
0.81 
0.76 
0.86 
0.92 
0.86 
0.83 
0.95 
0.85 
0.91 
1.01 
0.97 
1.07 
1.24 
1.07 
1.05 
1.11 
1.23 
1.10 
0.99 
0.87 
0.87 
0.83 
0.86 
0.81 
0.80 
0.77 
0.74 
