0.13 
0.06 
0.09 
0.03 
0.10 
0.07 
0.03 
0.09 
0.09 
0.02 
0.04 
0.10 
0.06 
0.02 
0.09 
0.08 
0.69 
0.25 
0.09 
0.48 
0.99 
0.74 
0.91 
0.70 
0.82 
1.29 
0.32 
0.59 
0.63 
0.55 
0.52 
0.66 
0.59 
0.53 
0.54 
0.44 
0.44 
0.62 
0.51 
0.54 
0.57 
0.57 
0.60 
0.42 
0.63 
1.07 
0.75 
0.69 
0.70 
0.66 
0.79 
0.88 
0.67 
0.63 
0.65 
0.70 
0.51 
0.51 
0.60 
0.53 
0.66 
0.58 
0.54 
0.75 
0.52 
0.44 
0.47 
0.45 
0.59 
0.58 
0.52 
0.65 
0.75 
0.83 
0.93 
0.74 
0.67 
0.81 
0.66 
0.56 
0.76 
0.64 
0.33 
0.69 
0.42 
0.22 
0.18 
0.18 
0.05 
0.07 
0.05 
0.02 
0.11 
0.06 
0.02 
0.09 
