  0.18600000
  0.18000000
  0.17100000
  0.13800000
  0.05100000
  0.07800000
  0.10500000
  0.11100000
  0.09900000
  0.09300000
  0.09300000
  0.09000000
  0.14100000
  0.17100000
  0.14400000
  0.13800000
  0.15600000
  0.15600000
  0.20400000
  0.19200000
  0.61500000
  0.31200000
  0.10200000
  0.21000000
  3.25200000
  2.71500000
  0.45900000
  0.47100000
  0.64200000
  1.08300000
  0.72900000
  1.37100000
  1.27800000
  0.82200000
  0.76800000
  1.34700000
  1.41300000
  1.42200000
  1.06800000
  1.19400000
  1.02300000
  1.36200000
  0.28500000
  0.52200000
  0.95100000
  0.64500000
  0.95400000
  0.66300000
  0.98100000
  0.65700000
  0.70500000
  0.32100000
  0.36900000
  0.44400000
  0.31200000
  0.37200000
  0.34500000
  0.43800000
  0.43800000
  0.41700000
  0.57000000
  0.42000000
  0.33300000
  0.57900000
  0.68400000
  0.67800000
  0.39000000
  0.36900000
  1.38900000
  0.81600000
  0.43800000
  0.62100000
  1.42800000
  1.88700000
  1.61700000
  1.55100000
  1.59600000
  2.36700000
  1.68600000
  0.88800000
  1.63500000
  0.75600000
  0.60600000
  1.65300000
  0.60000000
  0.47700000
  0.44100000
  0.37200000
  0.30600000
  0.24900000
  0.30000000
  0.27900000
  0.18000000
  0.17100000
  0.17100000
  0.16800000
