0.04 
0.02 
0.04 
0.07 
0.08 
0.15 
0.08 
0.04 
0.04 
0.04 
0.02 
0.00 
0.00 
0.00 
0.02 
0.00 
0.00 
0.00 
0.00 
0.00 
0.01 
0.05 
0.02 
0.02 
0.01 
0.08 
0.02 
0.12 
0.07 
0.03 
0.04 
0.04 
0.04 
0.03 
0.02 
0.04 
0.06 
0.10 
0.21 
0.19 
0.07 
0.21 
0.07 
0.14 
0.04 
0.04 
0.11 
0.19 
0.21 
0.32 
0.04 
0.05 
0.04 
0.07 
0.10 
0.09 
0.02 
0.06 
0.00 
0.08 
0.04 
0.01 
0.00 
0.15 
0.11 
0.08 
0.07 
0.04 
0.05 
0.02 
0.09 
0.09 
0.02 
0.06 
0.02 
0.02 
0.08 
0.03 
0.20 
0.22 
0.18 
0.03 
0.11 
0.10 
0.22 
0.09 
0.03 
0.09 
0.14 
0.04 
0.39 
0.09 
0.06 
0.11 
0.00 
0.01 
