1.18 
1.31 
1.08 
0.91 
0.80 
0.74 
0.49 
0.45 
0.46 
0.50 
0.41 
0.37 
0.37 
0.36 
0.45 
0.38 
0.55 
0.44 
0.68 
1.02 
1.10 
1.27 
1.09 
0.97 
0.47 
0.34 
0.36 
0.47 
0.76 
0.88 
0.98 
0.80 
0.59 
0.49 
0.63 
0.64 
0.49 
0.78 
0.74 
0.99 
0.90 
0.91 
0.85 
0.86 
0.82 
0.80 
1.14 
1.11 
1.16 
1.49 
1.24 
0.68 
1.10 
1.34 
1.16 
1.58 
1.21 
1.31 
0.67 
0.65 
0.64 
0.73 
1.12 
0.99 
0.82 
1.12 
1.50 
1.33 
0.73 
1.02 
1.51 
1.42 
1.45 
1.57 
1.45 
1.40 
1.46 
1.42 
1.63 
1.59 
1.39 
1.59 
1.82 
1.86 
1.49 
1.58 
1.55 
1.25 
1.05 
1.04 
1.26 
1.10 
1.34 
1.40 
1.46 
1.29 
