0.15 
0.17 
0.11 
0.12 
0.12 
0.15 
0.22 
0.19 
0.10 
0.07 
0.11 
0.20 
0.19 
0.12 
0.07 
0.07 
0.11 
0.11 
0.21 
1.39 
1.58 
0.85 
0.29 
2.79 
0.39 
0.38 
0.33 
0.33 
0.27 
0.32 
0.76 
0.23 
0.78 
0.24 
0.18 
0.23 
0.24 
1.19 
4.31 
1.80 
0.57 
0.84 
0.56 
1.10 
1.09 
1.16 
0.48 
0.35 
0.31 
0.38 
0.28 
0.58 
0.38 
0.30 
0.16 
0.15 
0.43 
0.62 
0.27 
0.29 
0.27 
0.27 
0.23 
0.31 
0.48 
0.43 
0.31 
0.58 
0.22 
0.30 
0.57 
0.77 
0.78 
1.01 
1.51 
2.49 
1.77 
1.63 
1.79 
0.78 
1.10 
1.39 
0.86 
0.98 
0.50 
0.57 
0.47 
0.39 
0.34 
0.33 
0.34 
0.27 
0.14 
0.11 
0.19 
0.16 
