0.73 
0.73 
0.60 
0.61 
0.64 
0.65 
0.67 
0.65 
0.60 
0.59 
0.63 
0.66 
0.65 
0.64 
0.60 
0.61 
0.63 
0.64 
0.84 
1.26 
1.34 
1.18 
1.28 
1.23 
0.96 
0.87 
1.12 
0.80 
0.69 
0.70 
1.02 
0.70 
0.96 
0.79 
1.17 
1.09 
0.67 
0.71 
0.67 
0.68 
0.70 
0.70 
0.66 
0.81 
0.66 
0.66 
0.73 
0.77 
0.74 
0.70 
0.71 
0.84 
0.73 
0.69 
0.73 
0.70 
0.61 
0.88 
0.89 
0.79 
0.90 
0.74 
0.74 
0.68 
0.72 
0.81 
0.70 
0.73 
0.71 
0.77 
0.73 
0.82 
0.88 
0.82 
0.79 
0.91 
0.81 
0.87 
0.96 
0.93 
1.02 
1.18 
1.02 
1.00 
1.06 
1.17 
1.05 
0.95 
0.83 
0.83 
0.79 
0.82 
0.77 
0.76 
0.74 
0.71 
