  0.30000000
  0.36800000
  0.30000000
  0.29600000
  0.37600000
  0.26800000
  0.46000000
  0.29600000
  0.37200000
  0.40800000
  0.28000000
  0.43600000
  0.26800000
  0.33600000
  0.29600000
  0.28800000
  0.32800000
  0.19200000
  0.24800000
  0.10400000
  0.12800000
  0.12800000
  0.11600000
  0.34000000
  0.30000000
  1.24400000
  1.18400000
  0.35600000
  0.30000000
  0.22000000
  0.24400000
  0.66800000
  1.14400000
  2.24400000
  2.26000000
  0.83600000
  0.13200000
  0.15600000
  0.13200000
  0.11200000
  0.90000000
  0.68400000
  0.66400000
  1.18800000
  1.72400000
  1.51200000
  0.95600000
  1.31600000
  1.11600000
  0.37600000
  0.31600000
  0.22400000
  1.83600000
  1.92400000
  1.29200000
  1.87600000
  0.56400000
  0.11600000
  0.30800000
  0.15200000
  0.17600000
  0.18000000
  0.10400000
  0.24800000
  0.11600000
  0.14400000
  0.30400000
  0.15600000
  0.75600000
  0.47600000
  0.92800000
  1.56000000
  1.54800000
  0.69600000
  0.99200000
  0.95200000
  0.84400000
  0.88000000
  0.91200000
  0.80800000
  0.71600000
  0.55200000
  0.52400000
  0.59600000
  0.54800000
  0.62400000
  0.52000000
  0.37200000
  0.42000000
  0.32400000
  0.43200000
  0.38400000
  0.33200000
  0.47200000
  0.29200000
  0.34800000
