1.35 
1.49 
1.22 
1.04 
0.92 
0.84 
0.57 
0.50 
0.51 
0.58 
0.46 
0.42 
0.42 
0.41 
0.50 
0.43 
0.63 
0.49 
0.77 
1.15 
1.26 
1.44 
1.23 
1.10 
0.53 
0.39 
0.41 
0.54 
0.87 
1.00 
1.11 
0.92 
0.67 
0.56 
0.71 
0.72 
0.57 
0.89 
0.84 
1.12 
1.03 
1.04 
0.97 
0.98 
0.94 
0.92 
1.31 
1.27 
1.33 
1.69 
1.41 
0.77 
1.24 
1.52 
1.33 
1.80 
1.38 
1.49 
0.75 
0.73 
0.72 
0.83 
1.28 
1.12 
0.94 
1.29 
1.71 
1.51 
0.83 
1.15 
1.72 
1.62 
1.65 
1.78 
1.65 
1.59 
1.66 
1.62 
1.85 
1.81 
1.58 
1.81 
2.07 
2.11 
1.70 
1.80 
1.76 
1.42 
1.18 
1.17 
1.43 
1.25 
1.52 
1.59 
1.66 
1.47 
