  0.13500000
  0.14700000
  0.15600000
  0.17100000
  0.15000000
  0.12900000
  0.17400000
  0.14100000
  0.18000000
  0.17100000
  0.11400000
  0.14400000
  0.19200000
  0.13500000
  0.12900000
  0.13200000
  0.17700000
  0.11100000
  0.14400000
  0.71700000
  0.94200000
  0.41100000
  0.23400000
  0.17100000
  3.68400000
  4.36500000
  1.18200000
  0.72000000
  0.59400000
  0.55200000
  0.78900000
  1.37400000
  0.79800000
  0.98400000
  1.19700000
  1.29600000
  0.37500000
  0.36300000
  2.21400000
  1.61700000
  0.95700000
  1.08300000
  1.29900000
  1.14600000
  1.27500000
  1.68900000
  1.71300000
  1.60800000
  1.35000000
  0.85500000
  0.63600000
  0.37200000
  0.35100000
  0.39900000
  0.45600000
  0.30300000
  0.27900000
  0.22200000
  0.27600000
  0.27000000
  0.27000000
  0.49200000
  0.30600000
  0.32400000
  0.33000000
  0.78300000
  1.80000000
  1.07100000
  1.39500000
  1.30500000
  0.73800000
  0.72300000
  0.74400000
  1.48800000
  0.80100000
  1.68600000
  1.79400000
  1.60800000
  0.95100000
  1.01400000
  0.70800000
  0.78900000
  0.59700000
  0.60900000
  0.77400000
  0.52500000
  0.51900000
  1.24800000
  0.69000000
  0.33600000
  0.36600000
  0.27300000
  0.17400000
  0.11700000
  0.04800000
  0.13500000
