1.13 
0.83 
0.73 
0.80 
0.75 
0.82 
0.67 
0.53 
0.80 
1.40 
0.92 
0.90 
0.81 
0.87 
0.40 
0.22 
0.29 
0.25 
0.63 
0.26 
0.21 
0.27 
0.66 
1.64 
2.22 
2.17 
1.79 
1.90 
2.43 
2.21 
1.97 
2.05 
3.38 
2.55 
2.05 
1.59 
1.29 
1.25 
0.94 
0.91 
1.24 
1.40 
1.11 
1.30 
1.62 
1.46 
1.86 
2.08 
1.32 
1.01 
0.82 
0.84 
1.10 
1.12 
1.25 
1.29 
1.67 
1.40 
1.03 
1.56 
1.07 
1.27 
1.60 
1.15 
0.98 
1.14 
1.47 
1.91 
1.57 
1.36 
1.45 
1.74 
1.61 
1.25 
1.54 
2.15 
1.16 
1.08 
1.29 
1.30 
1.10 
1.17 
1.56 
1.75 
1.29 
1.46 
2.06 
1.80 
1.15 
1.10 
1.21 
1.14 
0.58 
0.51 
0.97 
0.73 
