0.08 
0.08 
0.07 
0.09 
0.12 
0.14 
0.06 
0.10 
0.07 
0.06 
0.10 
0.09 
0.03 
0.05 
0.06 
0.05 
0.07 
0.09 
0.07 
0.06 
0.58 
0.63 
0.19 
0.13 
0.14 
0.35 
0.51 
0.31 
0.38 
0.78 
0.71 
0.96 
0.58 
0.61 
0.75 
0.47 
0.68 
0.79 
1.25 
0.30 
0.25 
0.22 
0.17 
0.17 
0.21 
0.57 
0.95 
1.48 
1.10 
0.70 
0.20 
0.30 
0.20 
0.20 
0.17 
0.18 
0.17 
0.12 
0.18 
0.20 
0.20 
0.20 
0.22 
0.17 
0.16 
0.18 
0.17 
0.20 
0.19 
0.16 
0.32 
0.35 
0.65 
0.67 
0.37 
0.40 
0.42 
0.62 
0.63 
0.52 
0.44 
0.36 
0.32 
0.33 
0.29 
0.24 
0.21 
0.21 
0.19 
0.20 
0.24 
0.21 
0.16 
0.10 
0.02 
0.02 
