1.20 
0.89 
0.78 
0.85 
0.80 
0.87 
0.71 
0.56 
0.85 
1.48 
0.97 
0.95 
0.86 
0.93 
0.43 
0.24 
0.31 
0.27 
0.66 
0.28 
0.21 
0.29 
0.70 
1.74 
2.36 
2.30 
1.90 
2.01 
2.58 
2.35 
2.09 
2.18 
3.58 
2.71 
2.17 
1.69 
1.36 
1.32 
0.99 
0.96 
1.31 
1.48 
1.18 
1.38 
1.72 
1.55 
1.97 
2.21 
1.40 
1.07 
0.87 
0.90 
1.17 
1.19 
1.32 
1.36 
1.77 
1.48 
1.09 
1.66 
1.13 
1.34 
1.70 
1.23 
1.03 
1.21 
1.56 
2.03 
1.67 
1.44 
1.54 
1.84 
1.71 
1.32 
1.64 
2.28 
1.24 
1.14 
1.37 
1.38 
1.17 
1.25 
1.66 
1.86 
1.37 
1.55 
2.19 
1.91 
1.23 
1.16 
1.29 
1.22 
0.61 
0.54 
1.02 
0.78 
