  0.10500000
  0.10500000
  0.12000000
  0.13200000
  0.12600000
  0.11100000
  0.11100000
  0.10800000
  0.12000000
  0.10500000
  0.09300000
  0.09900000
  0.12000000
  0.13200000
  0.09300000
  0.11100000
  0.10200000
  0.10200000
  0.10500000
  0.10200000
  0.09600000
  0.09600000
  0.10800000
  0.10200000
  1.11900000
  1.10100000
  1.02600000
  0.12900000
  0.27000000
  0.52200000
  0.60000000
  0.12600000
  0.09600000
  0.12600000
  0.10800000
  0.61500000
  0.10200000
  0.12600000
  0.22800000
  0.09900000
  0.21000000
  0.81000000
  0.15900000
  0.15000000
  0.10500000
  0.11100000
  0.12900000
  0.13500000
  0.08400000
  0.07200000
  0.08700000
  0.09600000
  0.15600000
  0.19200000
  0.12900000
  0.09900000
  0.08400000
  0.07200000
  0.08100000
  0.27900000
  0.10500000
  0.09600000
  0.09900000
  0.11700000
  0.11700000
  0.09300000
  0.08700000
  0.11700000
  0.09300000
  0.11100000
  0.11400000
  0.95400000
  0.12000000
  0.27000000
  0.15000000
  0.12600000
  0.12600000
  0.13800000
  0.15000000
  0.17400000
  0.14100000
  0.15600000
  0.15600000
  0.31500000
  0.15600000
  0.15600000
  0.24000000
  0.20700000
  0.15600000
  0.15300000
  0.12600000
  0.11400000
  0.11700000
  0.13200000
  0.13500000
  0.13500000
