0.09 
0.10 
0.13 
0.14 
0.06 
0.09 
0.10 
0.09 
0.10 
0.06 
0.10 
0.10 
0.11 
0.10 
0.05 
0.07 
0.09 
0.07 
0.46 
0.07 
0.37 
0.18 
0.14 
0.13 
0.07 
0.24 
0.56 
0.11 
0.05 
0.32 
0.09 
0.13 
0.02 
0.02 
0.03 
0.11 
0.46 
0.05 
0.02 
0.02 
0.07 
0.07 
0.06 
0.09 
0.06 
0.09 
0.02 
0.00 
0.03 
0.05 
0.06 
0.02 
0.09 
0.07 
0.14 
0.11 
0.07 
0.07 
0.13 
0.13 
0.06 
0.05 
0.09 
0.13 
0.31 
0.26 
0.14 
0.10 
0.10 
0.09 
0.10 
0.15 
0.23 
0.23 
0.18 
0.18 
0.21 
0.16 
0.11 
0.10 
0.11 
0.17 
0.17 
0.15 
0.11 
0.14 
0.15 
0.11 
0.09 
0.09 
0.11 
0.07 
0.09 
0.07 
0.10 
0.10 
