1.52 
1.13 
0.98 
1.08 
1.02 
1.11 
0.91 
0.71 
1.08 
1.87 
1.24 
1.20 
1.09 
1.18 
0.55 
0.31 
0.39 
0.35 
0.83 
0.36 
0.27 
0.37 
0.90 
2.20 
3.00 
2.92 
2.42 
2.55 
3.27 
2.98 
2.66 
2.78 
4.55 
3.45 
2.76 
2.14 
1.73 
1.67 
1.26 
1.21 
1.66 
1.87 
1.50 
1.75 
2.18 
1.98 
2.49 
2.81 
1.77 
1.36 
1.11 
1.14 
1.49 
1.51 
1.67 
1.73 
2.24 
1.87 
1.38 
2.11 
1.43 
1.71 
2.15 
1.56 
1.31 
1.53 
1.99 
2.57 
2.12 
1.83 
1.97 
2.34 
2.17 
1.67 
2.08 
2.89 
1.57 
1.44 
1.74 
1.75 
1.49 
1.60 
2.11 
2.37 
1.74 
1.98 
2.79 
2.43 
1.56 
1.47 
1.64 
1.54 
0.78 
0.69 
1.30 
0.98 
