  0.04500000
  0.04200000
  0.01200000
  0.01200000
  0.00300000
  0.00000000
  0.00000000
  0.00000000
  0.00000000
  0.00300000
  0.00600000
  0.00000000
  0.00000000
  0.00000000
  0.00000000
  1.06500000
  1.25100000
  0.72300000
  0.54300000
  0.64200000
  0.07200000
  0.04500000
  0.17100000
  0.16500000
  0.03000000
  0.03900000
  0.01200000
  0.06300000
  0.68100000
  0.81000000
  0.47400000
  0.45900000
  0.15900000
  0.15000000
  0.67500000
  0.63900000
  0.54300000
  0.39600000
  0.23400000
  0.28200000
  0.25200000
  0.13200000
  0.20400000
  0.19500000
  0.28200000
  0.18600000
  0.31500000
  0.24600000
  0.26700000
  0.21300000
  0.24900000
  0.21300000
  0.19800000
  0.18900000
  0.14700000
  0.11400000
  0.70200000
  0.78300000
  0.75300000
  0.66900000
  0.42300000
  0.42300000
  0.46800000
  0.51300000
  0.37200000
  0.52800000
  0.69900000
  0.71100000
  0.75900000
  0.62100000
  0.54900000
  0.51300000
  0.81600000
  0.40500000
  0.45900000
  0.29400000
  0.56400000
  0.33000000
  0.31200000
  0.30600000
  0.20700000
  0.24000000
  0.19500000
  0.20700000
  0.10500000
  0.10500000
  0.36300000
  0.14700000
  0.11100000
  0.10500000
  0.10500000
  0.10200000
  0.09300000
  0.05100000
  0.03600000
  0.03000000
