0.90 
1.33 
0.95 
0.95 
1.36 
1.27 
1.28 
1.21 
0.99 
0.98 
1.25 
1.34 
0.95 
0.98 
0.76 
0.94 
1.01 
1.23 
1.32 
1.26 
1.36 
1.28 
7.15 
7.57 
6.82 
8.24 
7.02 
4.34 
6.99 
3.92 
6.03 
2.92 
2.44 
3.34 
7.35 
4.20 
4.19 
4.61 
3.67 
5.16 
3.98 
6.50 
4.22 
4.61 
6.77 
6.86 
5.00 
4.55 
4.81 
4.96 
5.82 
6.78 
4.54 
4.60 
7.71 
4.55 
5.09 
5.82 
4.38 
5.53 
3.84 
4.29 
8.60 
6.82 
4.17 
4.81 
4.44 
7.55 
6.45 
4.81 
8.26 
6.79 
4.83 
3.85 
4.44 
5.93 
3.95 
4.61 
6.52 
5.59 
3.89 
3.75 
3.91 
3.64 
4.17 
3.69 
3.12 
2.26 
1.14 
1.10 
0.54 
0.97 
1.25 
1.16 
1.22 
1.16 
