0.12 
0.12 
0.13 
0.14 
0.14 
0.12 
0.12 
0.12 
0.13 
0.12 
0.11 
0.11 
0.13 
0.14 
0.11 
0.12 
0.11 
0.11 
0.12 
0.11 
0.11 
0.11 
0.12 
0.11 
1.23 
1.22 
1.13 
0.14 
0.30 
0.58 
0.65 
0.14 
0.11 
0.14 
0.12 
0.68 
0.11 
0.14 
0.24 
0.11 
0.22 
0.90 
0.18 
0.17 
0.12 
0.12 
0.14 
0.15 
0.10 
0.08 
0.10 
0.11 
0.18 
0.22 
0.14 
0.11 
0.10 
0.08 
0.09 
0.31 
0.12 
0.11 
0.11 
0.13 
0.13 
0.11 
0.10 
0.13 
0.11 
0.12 
0.13 
1.06 
0.13 
0.30 
0.17 
0.14 
0.14 
0.15 
0.17 
0.20 
0.15 
0.18 
0.18 
0.34 
0.18 
0.18 
0.27 
0.22 
0.18 
0.18 
0.14 
0.13 
0.13 
0.14 
0.15
0.15