0.12 
0.12 
0.13 
0.13 
0.13 
0.12 
0.12 
0.12 
0.13 
0.12 
0.11 
0.11 
0.13 
0.13 
0.11 
0.12 
0.11 
0.11 
0.12 
0.11 
0.11 
0.11 
0.12 
0.11 
1.19 
1.18 
1.09 
0.13 
0.29 
0.56 
0.63 
0.13 
0.11 
0.13 
0.12 
0.66 
0.11 
0.13 
0.23 
0.11 
0.21 
0.87 
0.17 
0.16 
0.12 
0.12 
0.13 
0.14 
0.10 
0.08 
0.10 
0.11 
0.17 
0.21 
0.13 
0.11 
0.10 
0.08 
0.09 
0.30 
0.12 
0.11 
0.11 
0.13 
0.13 
0.11 
0.10 
0.13 
0.11 
0.12 
0.13 
1.02 
0.13 
0.29 
0.16 
0.13 
0.13 
0.14 
0.16 
0.19 
0.14 
0.17 
0.17 
0.33 
0.17 
0.17 
0.26 
0.21 
0.17 
0.17 
0.13 
0.13 
0.13 
0.13 
0.14 
0.14 
