0.11 
0.12 
0.06 
0.08 
0.06 
0.08 
0.09 
0.07 
0.07 
0.02 
0.11 
0.12 
0.05 
0.03 
0.07 
0.15 
0.06 
0.02 
0.02 
0.11 
0.10 
0.02 
0.02 
0.04 
0.17 
0.11 
0.36 
0.23 
1.03 
1.42 
1.24 
0.31 
0.17 
0.35 
0.16 
0.13 
0.23 
0.35 
0.20 
0.17 
0.22 
0.79 
0.93 
0.67 
1.66 
1.97 
1.57 
1.36 
1.73 
1.35 
1.08 
0.88 
0.54 
0.51 
0.48 
0.40 
0.43 
0.42 
0.20 
0.30 
0.51 
0.42 
0.19 
0.32 
0.36 
0.45 
0.37 
0.35 
0.31 
0.22 
0.66 
0.76 
0.43 
0.59 
0.90 
0.90 
0.99 
0.91 
0.63 
0.25 
0.31 
0.50 
0.33 
0.44 
0.27 
0.28 
0.31 
0.38 
0.18 
0.35 
0.22 
0.19 
0.13 
0.16 
0.09 
0.07 
