0.11 
0.12 
0.06 
0.08 
0.06 
0.08 
0.09 
0.07 
0.07 
0.02 
0.11 
0.12 
0.05 
0.03 
0.07 
0.15 
0.06 
0.02 
0.02 
0.11 
0.10 
0.02 
0.02 
0.04 
0.18 
0.11 
0.37 
0.24 
1.06 
1.46 
1.28 
0.32 
0.18 
0.36 
0.16 
0.13 
0.24 
0.36 
0.21 
0.18 
0.23 
0.81 
0.96 
0.69 
1.71 
2.03 
1.62 
1.40 
1.78 
1.39 
1.11 
0.91 
0.56 
0.53 
0.49 
0.41 
0.44 
0.43 
0.21 
0.31 
0.53 
0.43 
0.20 
0.33 
0.37 
0.46 
0.38 
0.36 
0.32 
0.23 
0.68 
0.78 
0.44 
0.61 
0.93 
0.93 
1.02 
0.94 
0.65 
0.26 
0.32 
0.51 
0.34 
0.45 
0.28 
0.29 
0.32 
0.39 
0.19 
0.36 
0.23 
0.20 
0.13 
0.16 
0.09 
0.07 
