0.19 
0.18 
0.17 
0.14 
0.05 
0.08 
0.11 
0.11 
0.10 
0.09 
0.09 
0.09 
0.14 
0.17 
0.15 
0.14 
0.16 
0.16 
0.21 
0.20 
0.63 
0.32 
0.10 
0.21 
3.31 
2.77 
0.47 
0.48 
0.65 
1.10 
0.74 
1.40 
1.30 
0.84 
0.78 
1.37 
1.44 
1.45 
1.09 
1.22 
1.04 
1.39 
0.29 
0.53 
0.97 
0.66 
0.97 
0.68 
1.00 
0.67 
0.72 
0.33 
0.38 
0.45 
0.32 
0.38 
0.35 
0.45 
0.45 
0.42 
0.58 
0.43 
0.34 
0.59 
0.70 
0.69 
0.40 
0.38 
1.42 
0.83 
0.45 
0.63 
1.46 
1.92 
1.65 
1.58 
1.63 
2.41 
1.72 
0.90 
1.67 
0.77 
0.62 
1.68 
0.61 
0.49 
0.45 
0.38 
0.31 
0.25 
0.31 
0.28 
0.18 
0.17 
0.17 
0.17 
