1.28 
0.95 
0.83 
0.91 
0.85 
0.93 
0.76 
0.60 
0.91 
1.57 
1.04 
1.01 
0.92 
0.99 
0.46 
0.26 
0.33 
0.29 
0.70 
0.30 
0.23 
0.31 
0.75 
1.85 
2.52 
2.45 
2.03 
2.14 
2.75 
2.50 
2.23 
2.33 
3.82 
2.89 
2.32 
1.80 
1.45 
1.41 
1.06 
1.02 
1.40 
1.57 
1.26 
1.47 
1.83 
1.66 
2.10 
2.36 
1.49 
1.14 
0.93 
0.96 
1.25 
1.27 
1.41 
1.45 
1.88 
1.57 
1.16 
1.77 
1.20 
1.43 
1.81 
1.31 
1.10 
1.29 
1.67 
2.16 
1.78 
1.53 
1.65 
1.97 
1.82 
1.41 
1.75 
2.43 
1.32 
1.21 
1.46 
1.47 
1.25 
1.34 
1.77 
1.99 
1.46 
1.66 
2.34 
2.04 
1.31 
1.23 
1.38 
1.30 
0.65 
0.58 
1.09 
0.83 
