0.80 
0.80 
0.66 
0.67 
0.70 
0.71 
0.74 
0.71 
0.66 
0.65 
0.69 
0.73 
0.71 
0.70 
0.66 
0.67 
0.69 
0.70 
0.93 
1.39 
1.47 
1.30 
1.41 
1.36 
1.06 
0.96 
1.23 
0.88 
0.76 
0.77 
1.12 
0.77 
1.06 
0.87 
1.29 
1.20 
0.74 
0.78 
0.74 
0.75 
0.77 
0.77 
0.73 
0.89 
0.73 
0.73 
0.80 
0.85 
0.81 
0.77 
0.78 
0.93 
0.80 
0.76 
0.80 
0.77 
0.67 
0.97 
0.98 
0.87 
0.99 
0.81 
0.81 
0.75 
0.79 
0.89 
0.77 
0.80 
0.78 
0.85 
0.80 
0.90 
0.97 
0.90 
0.87 
1.00 
0.89 
0.96 
1.06 
1.02 
1.12 
1.30 
1.12 
1.10 
1.17 
1.29 
1.16 
1.04 
0.91 
0.91 
0.87 
0.90 
0.85 
0.84 
0.81 
0.78 
