0.13 
0.15 
0.15 
0.17 
0.15 
0.13 
0.17 
0.14 
0.18 
0.17 
0.11 
0.14 
0.19 
0.13 
0.13 
0.13 
0.18 
0.11 
0.14 
0.71 
0.93 
0.41 
0.23 
0.17 
3.64 
4.32 
1.17 
0.71 
0.59 
0.55 
0.78 
1.36 
0.79 
0.97 
1.18 
1.28 
0.37 
0.36 
2.19 
1.60 
0.95 
1.07 
1.28 
1.13 
1.26 
1.67 
1.69 
1.59 
1.34 
0.85 
0.63 
0.37 
0.35 
0.39 
0.45 
0.30 
0.28 
0.22 
0.27 
0.27 
0.27 
0.49 
0.30 
0.32 
0.33 
0.77 
1.78 
1.06 
1.38 
1.29 
0.73 
0.72 
0.74 
1.47 
0.79 
1.67 
1.77 
1.59 
0.94 
1.00 
0.70 
0.78 
0.59 
0.60 
0.77 
0.52 
0.51 
1.23 
0.68 
0.33 
0.36 
0.27 
0.17 
0.12 
0.05 
0.13 
