0.03 
0.02 
0.03 
0.04 
0.05 
0.11 
0.05 
0.03 
0.03 
0.03 
0.02 
0.00 
0.00 
0.00 
0.02 
0.00 
0.00 
0.00 
0.00 
0.00 
0.01 
0.04 
0.02 
0.02 
0.01 
0.05 
0.02 
0.08 
0.04 
0.03 
0.03 
0.03 
0.03 
0.03 
0.02 
0.03 
0.04 
0.07 
0.15 
0.13 
0.04 
0.15 
0.04 
0.10 
0.03 
0.03 
0.07 
0.13 
0.15 
0.22 
0.03 
0.04 
0.03 
0.04 
0.07 
0.06 
0.02 
0.04 
0.00 
0.05 
0.03 
0.01 
0.00 
0.11 
0.07 
0.05 
0.04 
0.03 
0.04 
0.02 
0.06 
0.06 
0.02 
0.04 
0.02 
0.02 
0.05 
0.03 
0.14 
0.16 
0.12 
0.03 
0.07 
0.07 
0.16 
0.06 
0.03 
0.06 
0.10 
0.03 
0.27 
0.06 
0.04 
0.07 
0.00 
0.01 
