0.21 
0.19 
0.18 
0.18 
0.19 
0.21 
0.19 
0.22 
0.14 
0.19 
0.18 
0.19 
0.13 
0.18 
0.15 
0.20 
0.30 
0.58 
0.66 
0.94 
0.79 
1.02 
1.15 
1.39 
1.14 
1.13 
0.34 
0.63 
0.75 
0.48 
0.33 
0.36 
0.17 
0.35 
0.32 
0.44 
0.08 
0.10 
0.72 
0.72 
0.38 
0.47 
0.47 
0.27 
0.13 
0.16 
0.32 
0.42 
0.14 
0.15 
0.32 
0.34 
0.92 
0.61 
0.82 
0.65 
0.55 
0.53 
0.97 
0.87 
0.69 
0.45 
0.59 
0.70 
0.43 
0.76 
1.05 
0.76 
0.49 
0.75 
1.14 
1.22 
0.94 
1.28 
1.36 
1.32 
0.99 
0.61 
0.95 
0.83 
0.68 
0.77 
0.73 
0.63 
0.34 
0.43 
0.82 
0.70 
0.41 
0.38 
0.26 
0.24 
0.25 
0.26 
0.23 
0.19 
