1.31 
1.45 
1.18 
1.01 
0.89 
0.82 
0.55 
0.49 
0.50 
0.56 
0.45 
0.41 
0.41 
0.40 
0.49 
0.42 
0.61 
0.48 
0.75 
1.12 
1.22 
1.40 
1.19 
1.07 
0.51 
0.38 
0.40 
0.52 
0.84 
0.97 
1.08 
0.89 
0.65 
0.54 
0.69 
0.70 
0.55 
0.86 
0.82 
1.09 
1.00 
1.01 
0.94 
0.95 
0.91 
0.89 
1.27 
1.23 
1.29 
1.64 
1.37 
0.75 
1.20 
1.48 
1.29 
1.75 
1.34 
1.45 
0.73 
0.71 
0.70 
0.81 
1.24 
1.09 
0.91 
1.25 
1.66 
1.47 
0.81 
1.12 
1.67 
1.57 
1.60 
1.73 
1.60 
1.54 
1.61 
1.57 
1.80 
1.76 
1.53 
1.76 
2.01 
2.05 
1.65 
1.75 
1.71 
1.38 
1.15 
1.14 
1.39 
1.21 
1.48 
1.54 
1.61 
1.43 
