179.77784871

179.48306633

183.60220068

185.34016825

188.83896185

189.18208496

188.79305397

188.97823311

189.23220728

189.18889631

188.31288678

186.47806001

182.26357592

182.13515311

182.34012397

182.78190819

184.42245256

184.55717166

183.25185437

180.94700796

173.01192003

168.15332716

151.81694311

147.12351735

151.40228555

160.97268782

191.31431109

202.37942150

218.76546914

225.18125072

226.95029567

225.15933927

228.83712503

234.02133896

241.03199663

242.43604967

246.00719867

246.44516339

247.74026064

248.81842496

250.49341755

251.52535354

252.43594846

250.28665221

248.81635844

246.37427744

246.55618388

244.09736173

242.37428302

243.24904365

248.41956822

249.18719187

249.04718742

249.69731057

250.34296507

249.85726059

248.70771787

247.57594937

243.06125804

240.34035955

238.06173991

237.62781571

235.10671390

232.35793893

227.21418184

223.98814882

218.44165399

214.56666006

207.41816847

204.06837257

189.40018345

184.17753068

187.94990448

189.12967705

189.10257061

189.05413664

190.17853748

190.47236420

191.25737644

191.41535700

191.21780580

191.00850444

190.53300036

186.76425664

181.17887823

181.91511983

186.76236593

188.21619608

188.84430622

189.14167085

189.07269895

188.70549800

188.68237854

188.90865742

188.86279151

188.69190996