0.77400000

0.53700000

0.64800000

0.73500000

0.65100000

0.69000000

0.80400000

0.74400000

0.73800000

0.69900000

0.61800000

0.61800000

0.71100000

0.72300000

0.69300000

0.67800000

0.73200000

0.46800000

0.65400000

0.50100000

0.45300000

0.68400000

0.68100000

0.99000000

0.84900000

0.96600000

0.97800000

1.14900000

1.09500000

0.69600000

0.88800000

0.82200000

0.74400000

0.93900000

0.96900000

0.79200000

0.84900000

0.69600000

1.55400000

1.99500000

1.79700000

1.80000000

1.70700000

1.78800000

1.46100000

1.96200000

1.74300000

1.51500000

1.77600000

1.73100000

1.60800000

1.72800000

1.71000000

1.81200000

1.93200000

1.71300000

1.79100000

1.72800000

1.88700000

1.65600000

1.50300000

1.88100000

1.61100000

2.09700000

1.88400000

1.53300000

1.86600000

1.80300000

1.61700000

1.63200000

1.73100000

1.34100000

1.30200000

1.35000000

0.92100000

1.09200000

1.11600000

0.79500000

1.01400000

0.89400000

0.54900000

0.77100000

0.65100000

0.79500000

0.73200000

0.73500000

0.78600000

0.77100000

0.98100000

0.63900000

0.94200000

0.48600000

0.69000000

0.52200000

0.62100000

0.57900000