0.0001
0.0001
0.0001
0.0001
0.0001
0.0001
0.0001
0.0001
0.0001
0.0001
0.0001
0.0001
0.0001
0.0001
0.0001
0.0001
0.0001
0.0001
0.0001
0.0001
0.0001
0.0001
0.0627
0.1251
0.187
0.2482
0.3084
0.3674
0.4249
0.4808
0.5348
0.5867
0.6363
0.6834
0.7278
0.7693
0.8079
0.8432
0.8752
0.9038
0.9289
0.9502
0.9679
0.9817
0.9917
0.9978
1
0.9982
0.9926
0.983
0.9695
0.9523
0.9313
0.9066
0.8784
0.8467
0.8117
0.7735
0.7323
0.6882
0.6414
0.592
0.5404
0.4866
0.4309
0.3735
0.3147
0.2546
0.1935
0.1816
0.1792
0.1466
0.1316
0.0692
0.0066
0.0001
0.0001
0.0001
0.0001
0.0001
0.0001
0.0001
0.0001
0.0001
0.0001
0.0001
0.0001
0.0001
0.0001
0.0001
0.0001
0.0001
0.0001
0.0001
0.0001
0.0001
