237.86471104

237.55223039

237.63383269

237.64412566

238.08546178

238.67584497

241.68667873

241.59261445

240.68218437

240.41722750

240.11685080

240.64912454

238.71058286

238.02040841

236.38311515

236.82918554

239.99457625

241.41141524

243.30183333

243.62938367

244.31754891

246.50329624

251.35245507

256.99354115

267.94235586

272.12305542

275.99076717

276.48819760

277.19091982

278.87145425

283.39838839

285.56561156

289.45903560

292.38299123

296.12626435

296.56468058

297.65771015

297.59342862

298.76042550

299.12309627

300.55935131

300.52307978

300.26664053

298.97289119

296.31290911

294.30790156

292.00335748

291.13923626

289.02747708

287.75362125

285.01016485

284.22566904

284.87041985

284.74943822

288.36214896

289.81631466

293.46264375

293.84113413

292.71208661

290.20157700

287.44127611

286.56963111

284.21827945

282.82692292

280.95087291

280.53893737

279.85057862

278.67242450

274.71754872

273.89090948

273.42635404

271.89653169

269.89305591

269.93739236

270.32986384

269.40488412

267.75925519

267.09356470

265.17599254

264.51968963

261.26242676

260.15004008

255.31092959

252.33824268

247.83382628

245.36081141

241.30498490

240.45950861

240.24958290

241.21842971

241.78599843

241.11971233

241.14402215

241.78374287

241.50710146

240.96020620