0.15305682012088576
0.07496354036894846
0.03671446264485716
0.017980527762716036
0.008804856023230207
0.0043107580723201
-0.24999999112552726
-0.1764657764301619
-0.08643775947353603
-0.042343161552692896
-0.020746178006574616
-0.010168235608975871
-0.004987307355344453
-0.0024497479333823796
-0.0012068856106026366
-0.0005981428656908978
-0.00029997779812056073
-0.00015397881252773136
0.30603997932402577
0.14989280545053216
0.07341386475068862
0.03595541275981615
0.01760875372894109
0.008622807348377773