0.79 
0.78 
0.78 
0.75 
0.72 
0.74 
0.70 
0.69 
0.73 
0.82 
0.74 
0.73 
0.68 
0.74 
0.68 
0.71 
0.75 
0.69 
0.57 
1.69 
1.98 
1.42 
1.03 
2.27 
0.96 
1.43 
0.49 
0.67 
0.75 
0.70 
0.51 
0.59 
0.89 
0.66 
0.42 
0.73 
0.81 
0.67 
0.64 
0.72 
0.57 
0.70 
0.69 
0.61 
0.36 
0.45 
0.64 
1.15 
1.00 
0.89 
0.31 
0.32 
0.40 
0.32 
0.30 
0.27 
0.31 
0.26 
0.28 
0.27 
0.36 
0.31 
0.33 
0.32 
0.78 
0.62 
0.63 
0.49 
0.55 
0.54 
1.10 
1.43 
1.31 
1.25 
0.99 
1.16 
0.93 
0.94 
0.82 
0.66 
0.69 
0.67 
0.69 
0.63 
1.59 
1.23 
0.78 
0.88 
0.82 
0.79 
0.79 
0.76 
0.70 
0.78 
0.65 
0.72 
