0.77 
1.13 
0.81 
0.81 
1.16 
1.08 
1.09 
1.03 
0.84 
0.83 
1.06 
1.14 
0.81 
0.83 
0.65 
0.80 
0.86 
1.05 
1.12 
1.07 
1.16 
1.09 
6.09 
6.44 
5.81 
7.01 
5.97 
3.69 
5.95 
3.34 
5.14 
2.48 
2.08 
2.85 
6.26 
3.58 
3.57 
3.93 
3.13 
4.39 
3.39 
5.53 
3.59 
3.93 
5.76 
5.84 
4.26 
3.87 
4.09 
4.22 
4.96 
5.77 
3.86 
3.91 
6.56 
3.87 
4.33 
4.96 
3.73 
4.71 
3.27 
3.65 
7.32 
5.81 
3.55 
4.09 
3.78 
6.42 
5.49 
4.09 
7.04 
5.78 
4.11 
3.28 
3.78 
5.05 
3.36 
3.93 
5.55 
4.76 
3.31 
3.19 
3.33 
3.10 
3.55 
3.14 
2.66 
1.92 
0.97 
0.94 
0.46 
0.82 
1.06 
0.99 
1.04 
0.99 
