0.11 
0.10 
0.10 
0.11 
0.14 
0.12 
0.12 
0.12 
0.11 
0.13 
0.18 
0.18 
0.11 
0.13 
0.12 
0.11 
0.15 
0.14 
0.06 
0.08 
0.11 
0.10 
0.15 
0.13 
0.10 
0.11 
0.10 
0.12 
0.14 
0.13 
0.06 
0.08 
0.08 
0.08 
0.22 
0.17 
0.79 
0.98 
1.45 
1.71 
1.76 
1.82 
1.92 
2.30 
1.79 
1.44 
1.52 
1.36 
0.91 
0.67 
0.42 
0.35 
0.42 
0.28 
0.38 
0.40 
0.20 
0.21 
0.20 
0.24 
0.20 
0.23 
0.26 
0.23 
0.23 
0.21 
0.17 
0.18 
0.22 
0.24 
0.32 
0.30 
0.25 
0.23 
0.50 
0.89 
1.02 
0.94 
0.62 
0.60 
0.54 
0.44 
0.31 
0.29 
0.18 
0.13 
0.13 
0.11 
0.11 
0.11 
0.16 
0.25 
0.13 
0.18 
0.15 
0.12 
