2.52 
2.49 
2.50 
2.90 
2.59 
2.12 
2.32 
2.23 
2.16 
2.16 
2.13 
2.17 
1.70 
1.70 
1.66 
1.70 
1.65 
1.66 
1.70 
1.65 
1.15 
3.70 
8.42 
8.43 
1.45 
1.09 
5.12 
5.26 
0.36 
0.37 
0.46 
0.74 
1.16 
1.56 
1.92 
1.16 
1.61 
2.57 
2.43 
1.76 
2.90 
2.07 
3.22 
2.34 
1.88 
2.07 
1.80 
1.84 
1.65 
1.26 
1.61 
1.76 
1.90 
1.45 
0.70 
1.85 
1.66 
2.34 
1.42 
1.30 
1.24 
1.23 
0.55 
1.08 
1.21 
3.36 
0.47 
1.43 
1.86 
0.95 
0.86 
0.92 
1.52 
1.52 
1.41 
1.30 
1.24 
1.52 
0.97 
0.98 
1.97 
2.66 
3.55 
2.11 
2.36 
2.28 
2.01 
2.07 
2.07 
2.07 
2.37 
2.05 
2.83 
1.85 
3.72 
2.09 
