  0.00000000
  0.00000000
  0.12600000
  0.09000000
  0.00000000
  0.03000000
  0.10200000
  0.02400000
  0.03000000
  0.10800000
  0.12000000
  0.07800000
  0.07200000
  0.13800000
  0.03600000
  0.00000000
  0.10200000
  0.12600000
  0.00000000
  0.00000000
  0.13800000
  0.02400000
  0.00000000
  0.71400000
  1.36200000
  0.80400000
  1.30800000
  0.41400000
  0.50400000
  0.80400000
  0.23400000
  1.39200000
  0.18000000
  0.12000000
  0.88800000
  0.69000000
  0.64200000
  0.60600000
  0.07200000
  0.32400000
  0.06600000
  0.06600000
  0.13200000
  0.09600000
  0.21000000
  0.77400000
  0.51000000
  0.82200000
  0.22800000
  0.48600000
  0.19800000
  0.22800000
  0.10200000
  0.18600000
  0.19200000
  0.19800000
  0.07200000
  0.03000000
  0.15000000
  0.18600000
  0.09600000
  0.06600000
  0.24000000
  0.94200000
  0.15000000
  0.12600000
  0.11400000
  0.69600000
  0.48600000
  0.12600000
  0.67800000
  0.40200000
  0.67200000
  0.60600000
  1.12200000
  0.91800000
  1.10400000
  1.28400000
  0.26400000
  0.26400000
  0.28200000
  0.30000000
  0.19200000
  0.16200000
  0.21600000
  0.21600000
  0.08400000
  0.08400000
  0.16800000
  0.15000000
  0.03600000
  0.12600000
  0.15600000
  0.13800000
  0.07800000
  0.07800000
