  0.13200000
  0.05400000
  0.08700000
  0.03000000
  0.09600000
  0.06900000
  0.03300000
  0.09300000
  0.08400000
  0.02100000
  0.04200000
  0.10200000
  0.06000000
  0.01800000
  0.09000000
  0.07800000
  0.70800000
  0.26400000
  0.08700000
  0.49500000
  1.01100000
  0.76500000
  0.93000000
  0.71700000
  0.84600000
  1.32600000
  0.33600000
  0.60000000
  0.63600000
  0.55500000
  0.52500000
  0.66600000
  0.59700000
  0.53700000
  0.54900000
  0.44700000
  0.44700000
  0.63000000
  0.51900000
  0.54900000
  0.57600000
  0.57900000
  0.60600000
  0.43200000
  0.64200000
  1.08900000
  0.77700000
  0.71100000
  0.72900000
  0.67800000
  0.81900000
  0.90000000
  0.68700000
  0.64200000
  0.65700000
  0.71400000
  0.51900000
  0.52200000
  0.60900000
  0.54300000
  0.67800000
  0.58800000
  0.54900000
  0.77400000
  0.53400000
  0.45000000
  0.48000000
  0.46500000
  0.59700000
  0.59100000
  0.52500000
  0.65400000
  0.77700000
  0.85200000
  0.94800000
  0.76200000
  0.69000000
  0.83400000
  0.68100000
  0.57000000
  0.78600000
  0.65100000
  0.33900000
  0.70800000
  0.43200000
  0.22800000
  0.18000000
  0.18000000
  0.04800000
  0.06900000
  0.05100000
  0.01800000
  0.10500000
  0.06000000
  0.02100000
  0.09000000
