0.04 
0.12 
0.02 
0.04 
0.08 
0.04 
0.05 
0.04 
0.04 
0.05 
0.04 
0.04 
0.07 
0.03 
0.01 
0.13 
0.04 
0.01 
0.08 
0.07 
0.04 
0.05 
1.65 
1.38 
0.84 
0.66 
0.16 
0.23 
0.38 
0.41 
0.15 
0.17 
0.17 
0.13 
0.12 
0.15 
0.11 
0.09 
0.07 
0.13 
0.08 
0.12 
0.12 
0.07 
0.11 
0.12 
0.08 
0.11 
0.58 
0.14 
0.07 
0.04 
0.02 
0.07 
0.02 
0.02 
0.05 
0.01 
0.05 
0.08 
0.02 
0.04 
0.00 
0.02 
0.11 
0.00 
0.01 
0.12 
0.05 
0.08 
1.91 
0.14 
0.16 
0.17 
0.58 
0.16 
0.34 
0.24 
0.17 
0.15 
0.12 
0.12 
0.08 
0.07 
0.12 
0.08 
0.21 
0.07 
0.03 
0.00 
0.04 
0.05 
0.02 
0.05 
0.05 
0.00 
