0.11 
0.11 
0.12 
0.13 
0.13 
0.11 
0.11 
0.11 
0.12 
0.11 
0.10 
0.10 
0.12 
0.13 
0.10 
0.11 
0.10 
0.10 
0.11 
0.10 
0.10 
0.10 
0.11 
0.10 
1.14 
1.13 
1.05 
0.13 
0.28 
0.53 
0.61 
0.13 
0.10 
0.13 
0.11 
0.63 
0.10 
0.13 
0.23 
0.10 
0.21 
0.83 
0.16 
0.15 
0.11 
0.11 
0.13 
0.14 
0.09 
0.07 
0.09 
0.10 
0.16 
0.20 
0.13 
0.10 
0.09 
0.07 
0.08 
0.29 
0.11 
0.10 
0.10 
0.12 
0.12 
0.10 
0.09 
0.12 
0.10 
0.11 
0.12 
0.98 
0.12 
0.28 
0.15 
0.13 
0.13 
0.14 
0.15 
0.18 
0.14 
0.16 
0.16 
0.32 
0.16 
0.16 
0.25 
0.21 
0.16 
0.16 
0.13 
0.12 
0.12 
0.13 
0.14 
0.14 
