  0.46800000
  0.21300000
  0.26400000
  0.28800000
  0.28200000
  0.22200000
  0.24600000
  0.24900000
  0.20700000
  0.18900000
  0.22200000
  0.30000000
  0.19500000
  0.20700000
  0.24600000
  0.22200000
  0.22800000
  0.24900000
  0.30900000
  0.42300000
  0.45900000
  0.44100000
  0.33900000
  0.23700000
  0.44700000
  0.19200000
  0.30900000
  0.34200000
  0.22200000
  0.22800000
  0.27000000
  0.43500000
  0.18000000
  0.17100000
  0.21000000
  0.24300000
  0.25800000
  0.17400000
  0.35100000
  0.19200000
  0.24600000
  0.19800000
  0.12300000
  0.16200000
  0.23700000
  0.11700000
  0.21000000
  0.23400000
  0.43800000
  0.15300000
  0.26400000
  0.20700000
  0.18900000
  0.19500000
  0.30600000
  0.22800000
  0.20700000
  0.19800000
  0.19800000
  0.23400000
  0.18600000
  0.19200000
  0.19200000
  0.16800000
  0.22500000
  0.19200000
  0.17700000
  0.21300000
  0.16200000
  0.23100000
  0.36000000
  0.30900000
  0.58800000
  0.41100000
  0.43200000
  0.46200000
  0.47400000
  0.38700000
  0.43200000
  0.60000000
  0.30600000
  0.28200000
  0.34200000
  0.34500000
  0.29100000
  0.30900000
  0.29400000
  0.25800000
  0.30000000
  0.35400000
  0.28200000
  0.28500000
  0.34800000
  0.30600000
  0.29700000
  0.26100000
