0.14 
0.16 
0.12 
0.09 
0.13 
0.07 
0.09 
0.08 
0.09 
0.09 
0.11 
0.11 
0.09 
0.08 
0.12 
0.08 
0.08 
0.04 
0.14 
0.99 
0.35 
0.11 
0.10 
0.83 
0.12 
0.12 
0.09 
0.38 
0.96 
1.24 
0.44 
0.70 
0.59 
0.19 
0.78 
0.16 
0.45 
0.40 
0.29 
0.20 
0.28 
0.12 
0.35 
0.29 
0.34 
0.40 
0.19 
0.29 
0.46 
0.40 
0.89 
1.08 
0.83 
0.40 
0.23 
0.40 
0.32 
0.33 
0.35 
0.34 
0.50 
0.97 
0.70 
0.50 
1.09 
0.54 
0.57 
0.37 
0.31 
0.29 
0.86 
0.91 
0.57 
0.32 
0.32 
0.33 
0.38 
0.37 
0.39 
0.34 
0.35 
0.34 
0.34 
0.43 
0.30 
0.25 
0.29 
0.24 
0.23 
0.19 
0.13 
0.17 
0.10 
0.10 
0.16 
0.19 
