0.09 
0.20 
0.20 
0.14 
0.04 
0.10 
0.11 
0.11 
0.11 
0.05 
0.06 
0.15 
0.04 
0.04 
0.11 
0.14 
0.62 
0.46 
0.12 
0.12 
0.58 
1.61 
1.00 
1.22 
0.73 
0.56 
0.32 
0.20 
0.27 
0.33 
0.27 
0.78 
0.09 
0.07 
0.11 
0.12 
0.14 
0.15 
0.08 
0.13 
0.19 
0.14 
0.04 
0.12 
0.11 
0.07 
0.10 
0.04 
0.16 
0.14 
0.07 
0.12 
0.14 
0.17 
0.11 
0.20 
0.15 
0.09 
0.11 
0.12 
0.40 
0.17 
0.19 
0.23 
0.09 
0.33 
0.14 
0.09 
0.11 
0.15 
0.19 
0.22 
0.24 
0.16 
1.21 
0.69 
0.32 
0.22 
0.22 
0.30 
0.43 
0.31 
0.79 
0.18 
0.32 
0.28 
0.12 
0.18 
0.44 
0.36 
0.21 
0.14 
0.12 
0.07 
0.16 
0.15 
