0.11 
0.10 
0.10 
0.11 
0.14 
0.12 
0.12 
0.12 
0.11 
0.13 
0.17 
0.17 
0.11 
0.13 
0.12 
0.11 
0.15 
0.14 
0.06 
0.08 
0.11 
0.10 
0.15 
0.13 
0.10 
0.11 
0.10 
0.12 
0.14 
0.13 
0.06 
0.08 
0.08 
0.08 
0.21 
0.16 
0.76 
0.95 
1.40 
1.65 
1.70 
1.76 
1.86 
2.23 
1.73 
1.39 
1.47 
1.32 
0.88 
0.65 
0.41 
0.34 
0.41 
0.27 
0.37 
0.39 
0.19 
0.20 
0.19 
0.23 
0.19 
0.22 
0.25 
0.22 
0.22 
0.20 
0.16 
0.17 
0.21 
0.23 
0.31 
0.29 
0.24 
0.22 
0.48 
0.86 
0.99 
0.91 
0.60 
0.58 
0.52 
0.43 
0.30 
0.28 
0.17 
0.13 
0.13 
0.11 
0.11 
0.11 
0.15 
0.24 
0.13 
0.17 
0.15 
0.12 
