1.17 
1.72 
1.23 
1.23 
1.76 
1.66 
1.67 
1.57 
1.29 
1.27 
1.62 
1.73 
1.23 
1.27 
0.99 
1.22 
1.32 
1.60 
1.71 
1.63 
1.76 
1.67 
9.27 
9.81 
8.85 
10.68 
9.11 
5.62 
9.06 
5.09 
7.83 
3.78 
3.17 
4.33 
9.54 
5.45 
5.43 
5.98 
4.76 
6.70 
5.16 
8.43 
5.47 
5.98 
8.78 
8.90 
6.49 
5.90 
6.24 
6.43 
7.55 
8.79 
5.89 
5.96 
10.00 
5.90 
6.60 
7.55 
5.69 
7.18 
4.99 
5.57 
11.15 
8.85 
5.40 
6.24 
5.75 
9.79 
8.37 
6.24 
10.72 
8.80 
6.26 
5.00 
5.75 
7.69 
5.12 
5.98 
8.45 
7.25 
5.04 
4.87 
5.07 
4.72 
5.40 
4.78 
4.04 
2.93 
1.48 
1.44 
0.70 
1.25 
1.62 
1.50 
1.58 
1.50 
