1.25 
1.38 
1.13 
0.96 
0.85 
0.78 
0.52 
0.47 
0.48 
0.53 
0.43 
0.39 
0.39 
0.38 
0.47 
0.40 
0.58 
0.46 
0.72 
1.07 
1.16 
1.34 
1.14 
1.02 
0.49 
0.36 
0.38 
0.50 
0.80 
0.93 
1.03 
0.85 
0.62 
0.52 
0.66 
0.67 
0.52 
0.82 
0.78 
1.04 
0.95 
0.96 
0.90 
0.91 
0.87 
0.85 
1.21 
1.17 
1.23 
1.57 
1.31 
0.72 
1.15 
1.41 
1.23 
1.67 
1.28 
1.38 
0.70 
0.68 
0.67 
0.77 
1.18 
1.04 
0.87 
1.19 
1.58 
1.40 
0.77 
1.07 
1.59 
1.50 
1.53 
1.65 
1.53 
1.47 
1.54 
1.50 
1.72 
1.68 
1.46 
1.68 
1.92 
1.96 
1.57 
1.67 
1.63 
1.32 
1.10 
1.09 
1.33 
1.15 
1.41 
1.47 
1.54 
1.36 
