0.80 
1.18 
0.84 
0.84 
1.21 
1.13 
1.14 
1.07 
0.88 
0.87 
1.11 
1.19 
0.84 
0.87 
0.68 
0.83 
0.90 
1.10 
1.17 
1.12 
1.21 
1.14 
6.35 
6.72 
6.06 
7.31 
6.23 
3.85 
6.21 
3.48 
5.36 
2.59 
2.17 
2.97 
6.53 
3.73 
3.72 
4.10 
3.26 
4.58 
3.54 
5.77 
3.74 
4.10 
6.01 
6.09 
4.44 
4.04 
4.27 
4.40 
5.17 
6.02 
4.03 
4.08 
6.84 
4.04 
4.52 
5.17 
3.89 
4.91 
3.41 
3.81 
7.63 
6.06 
3.70 
4.27 
3.94 
6.70 
5.73 
4.27 
7.34 
6.03 
4.29 
3.42 
3.94 
5.27 
3.50 
4.10 
5.79 
4.96 
3.45 
3.33 
3.47 
3.23 
3.70 
3.27 
2.77 
2.00 
1.01 
0.98 
0.48 
0.86 
1.11 
1.03 
1.08 
1.03 
