0.93 
1.38 
0.98 
0.98 
1.41 
1.32 
1.33 
1.25 
1.03 
1.02 
1.30 
1.39 
0.98 
1.02 
0.79 
0.97 
1.05 
1.28 
1.37 
1.31 
1.41 
1.33 
7.41 
7.85 
7.07 
8.54 
7.28 
4.50 
7.25 
4.06 
6.25 
3.03 
2.53 
3.46 
7.62 
4.35 
4.34 
4.78 
3.80 
5.35 
4.13 
6.74 
4.37 
4.78 
7.02 
7.11 
5.18 
4.72 
4.99 
5.14 
6.03 
7.03 
4.71 
4.77 
7.99 
4.72 
5.28 
6.03 
4.54 
5.73 
3.98 
4.45 
8.91 
7.07 
4.32 
4.99 
4.60 
7.83 
6.69 
4.99 
8.56 
7.04 
5.01 
3.99 
4.60 
6.15 
4.09 
4.78 
6.76 
5.79 
4.03 
3.89 
4.05 
3.77 
4.32 
3.83 
3.23 
2.34 
1.18 
1.14 
0.56 
1.01 
1.30 
1.20 
1.26 
1.20 
