  0.07800000
  0.07800000
  0.07200000
  0.09000000
  0.12000000
  0.13800000
  0.06000000
  0.09300000
  0.06600000
  0.06000000
  0.09300000
  0.08700000
  0.03000000
  0.04800000
  0.05700000
  0.04500000
  0.06900000
  0.08700000
  0.06300000
  0.05400000
  0.56700000
  0.62400000
  0.18600000
  0.12600000
  0.13200000
  0.35100000
  0.49800000
  0.30900000
  0.37800000
  0.76800000
  0.69900000
  0.94200000
  0.57000000
  0.60600000
  0.73800000
  0.45900000
  0.67200000
  0.77700000
  1.23300000
  0.30000000
  0.25200000
  0.22200000
  0.16500000
  0.16500000
  0.21300000
  0.56100000
  0.93000000
  1.46700000
  1.08600000
  0.69600000
  0.20700000
  0.29700000
  0.20700000
  0.20100000
  0.16500000
  0.17100000
  0.16500000
  0.11100000
  0.17400000
  0.19200000
  0.20700000
  0.20400000
  0.21900000
  0.16500000
  0.15300000
  0.17400000
  0.15900000
  0.19200000
  0.18300000
  0.15300000
  0.32100000
  0.35100000
  0.64500000
  0.66900000
  0.36900000
  0.39600000
  0.41400000
  0.61200000
  0.62400000
  0.50700000
  0.43800000
  0.35400000
  0.32100000
  0.32400000
  0.29100000
  0.23700000
  0.21000000
  0.21600000
  0.18000000
  0.19200000
  0.24000000
  0.21000000
  0.15300000
  0.09300000
  0.02400000
  0.02400000
