0.09 
0.19 
0.19 
0.13 
0.04 
0.10 
0.10 
0.10 
0.10 
0.05 
0.06 
0.14 
0.04 
0.04 
0.10 
0.13 
0.59 
0.44 
0.11 
0.11 
0.55 
1.53 
0.95 
1.16 
0.69 
0.53 
0.30 
0.19 
0.26 
0.31 
0.26 
0.74 
0.09 
0.07 
0.10 
0.11 
0.13 
0.14 
0.08 
0.12 
0.18 
0.13 
0.04 
0.11 
0.10 
0.07 
0.10 
0.04 
0.15 
0.13 
0.07 
0.11 
0.13 
0.16 
0.10 
0.19 
0.14 
0.09 
0.10 
0.11 
0.38 
0.16 
0.18 
0.22 
0.09 
0.31 
0.13 
0.09 
0.10 
0.14 
0.18 
0.21 
0.23 
0.15 
1.15 
0.66 
0.30 
0.21 
0.21 
0.29 
0.41 
0.30 
0.75 
0.17 
0.30 
0.27 
0.11 
0.17 
0.42 
0.34 
0.20 
0.13 
0.11 
0.07 
0.15 
0.14 
