1.47 
1.51 
1.28 
1.32 
1.37 
1.37 
1.31 
1.26 
1.25 
1.35 
1.17 
1.30 
1.42 
1.31 
1.10 
1.22 
1.09 
1.20 
1.12 
1.12 
3.38 
1.92 
1.94 
3.14 
1.25 
2.39 
1.59 
2.38 
4.60 
3.59 
4.55 
2.72 
2.62 
1.87 
2.05 
1.75 
2.46 
2.33 
1.63 
2.20 
4.89 
5.57 
5.68 
6.54 
6.57 
6.32 
4.12 
3.53 
2.39 
2.24 
2.17 
1.83 
2.43 
1.84 
3.02 
3.36 
2.58 
2.29 
2.23 
2.98 
2.69 
2.65 
3.42 
3.75 
3.49 
2.74 
3.16 
4.47 
4.15 
3.10 
3.46 
3.10 
2.32 
2.59 
3.46 
6.41 
3.24 
4.35 
3.09 
3.43 
4.40 
3.79 
2.62 
2.55 
2.55 
2.30 
2.25 
2.24 
2.29 
2.13 
1.88 
1.86 
1.74 
1.68 
1.59 
1.54 
