0.14 
0.17 
0.12 
0.09 
0.13 
0.07 
0.09 
0.08 
0.09 
0.09 
0.11 
0.11 
0.09 
0.08 
0.12 
0.08 
0.08 
0.04 
0.14 
1.02 
0.36 
0.11 
0.10 
0.86 
0.12 
0.12 
0.09 
0.39 
0.99 
1.28 
0.45 
0.72 
0.61 
0.20 
0.80 
0.17 
0.46 
0.41 
0.30 
0.21 
0.29 
0.12 
0.36 
0.30 
0.35 
0.41 
0.20 
0.30 
0.47 
0.41 
0.92 
1.11 
0.86 
0.41 
0.24 
0.41 
0.33 
0.34 
0.36 
0.35 
0.52 
1.00 
0.72 
0.52 
1.12 
0.56 
0.59 
0.38 
0.32 
0.30 
0.89 
0.94 
0.59 
0.33 
0.33 
0.34 
0.39 
0.38 
0.40 
0.35 
0.36 
0.35 
0.35 
0.44 
0.31 
0.26 
0.30 
0.25 
0.24 
0.20 
0.13 
0.18 
0.10 
0.10 
0.17 
0.20 
