  0.04200000
  0.04200000
  0.04200000
  0.04800000
  0.09000000
  0.07200000
  0.04200000
  0.03600000
  0.09600000
  0.08400000
  0.03600000
  0.03600000
  0.04200000
  0.03600000
  0.05400000
  0.04200000
  0.00000000
  0.45000000
  2.47800000
  2.99400000
  0.63600000
  1.30200000
  0.19200000
  0.22200000
  0.23400000
  0.30600000
  0.64200000
  0.91800000
  0.48600000
  1.13400000
  0.43800000
  0.35400000
  0.32400000
  0.43800000
  0.47400000
  0.73200000
  0.31200000
  0.45000000
  0.54000000
  0.36000000
  0.26400000
  0.27000000
  0.60000000
  0.69000000
  1.15800000
  1.02000000
  0.70200000
  1.18800000
  1.20600000
  0.22800000
  0.16200000
  0.19800000
  0.45000000
  0.84000000
  2.10600000
  1.62600000
  1.80000000
  1.37400000
  0.85800000
  0.26400000
  0.29400000
  0.27000000
  0.49800000
  0.31200000
  0.39000000
  0.48600000
  0.48000000
  1.05600000
  1.10400000
  2.10600000
  1.63800000
  1.66200000
  1.22400000
  0.73800000
  0.69600000
  1.20000000
  0.57000000
  0.64200000
  0.58200000
  0.49200000
  0.26400000
  0.24000000
  0.12000000
  0.18000000
  0.14400000
  0.13200000
  0.12000000
  0.10800000
  0.04800000
  0.05400000
  0.06600000
  0.06000000
  0.06600000
  0.04200000
  0.00000000
  0.00000000
