2.40 
2.37 
2.38 
2.76 
2.47 
2.02 
2.21 
2.13 
2.06 
2.06 
2.03 
2.07 
1.62 
1.62 
1.58 
1.62 
1.57 
1.58 
1.62 
1.57 
1.10 
3.53 
8.03 
8.04 
1.38 
1.04 
4.88 
5.01 
0.34 
0.35 
0.44 
0.71 
1.11 
1.49 
1.83 
1.11 
1.53 
2.45 
2.32 
1.68 
2.76 
1.97 
3.07 
2.23 
1.79 
1.97 
1.72 
1.75 
1.57 
1.20 
1.53 
1.68 
1.81 
1.38 
0.67 
1.76 
1.58 
2.23 
1.35 
1.24 
1.18 
1.17 
0.52 
1.03 
1.15 
3.20 
0.45 
1.36 
1.77 
0.91 
0.82 
0.88 
1.45 
1.45 
1.34 
1.24 
1.18 
1.45 
0.92 
0.93 
1.88 
2.54 
3.38 
2.01 
2.25 
2.17 
1.92 
1.97 
1.97 
1.97 
2.26 
1.95 
2.70 
1.76 
3.55 
1.99 
