  1.30800000
  1.44300000
  1.17600000
  1.00200000
  0.88800000
  0.81600000
  0.54900000
  0.48900000
  0.50100000
  0.55500000
  0.44700000
  0.40800000
  0.40500000
  0.39600000
  0.48900000
  0.42000000
  0.60600000
  0.47700000
  0.74700000
  1.11600000
  1.21500000
  1.39500000
  1.18200000
  1.06800000
  0.51300000
  0.37500000
  0.39900000
  0.51900000
  0.83700000
  0.96600000
  1.07100000
  0.88500000
  0.64500000
  0.54000000
  0.68400000
  0.69600000
  0.54900000
  0.85500000
  0.81600000
  1.08300000
  0.99600000
  1.00800000
  0.93600000
  0.94500000
  0.90600000
  0.88200000
  1.26300000
  1.22400000
  1.28400000
  1.63500000
  1.36500000
  0.74700000
  1.20000000
  1.47300000
  1.28100000
  1.74000000
  1.33800000
  1.44000000
  0.73200000
  0.71100000
  0.69600000
  0.80700000
  1.23300000
  1.08900000
  0.90900000
  1.24200000
  1.65000000
  1.46400000
  0.80700000
  1.11600000
  1.66200000
  1.56000000
  1.59600000
  1.72200000
  1.59000000
  1.53300000
  1.59900000
  1.56900000
  1.79400000
  1.75500000
  1.52400000
  1.75800000
  2.00100000
  2.04300000
  1.64100000
  1.74300000
  1.70400000
  1.37100000
  1.14900000
  1.14000000
  1.38000000
  1.20900000
  1.47600000
  1.53600000
  1.60500000
  1.42500000
