0.07 
0.08 
0.10 
0.11 
0.05 
0.07 
0.08 
0.07 
0.08 
0.05 
0.08 
0.08 
0.09 
0.08 
0.04 
0.06 
0.07 
0.06 
0.38 
0.06 
0.31 
0.15 
0.11 
0.10 
0.06 
0.21 
0.46 
0.09 
0.04 
0.27 
0.07 
0.10 
0.02 
0.02 
0.03 
0.09 
0.38 
0.04 
0.02 
0.02 
0.06 
0.06 
0.05 
0.07 
0.05 
0.07 
0.02 
0.00 
0.03 
0.04 
0.05 
0.02 
0.07 
0.06 
0.11 
0.09 
0.06 
0.06 
0.10 
0.10 
0.05 
0.04 
0.07 
0.10 
0.26 
0.22 
0.11 
0.08 
0.08 
0.07 
0.08 
0.12 
0.19 
0.19 
0.15 
0.15 
0.17 
0.13 
0.09 
0.08 
0.09 
0.14 
0.14 
0.12 
0.09 
0.11 
0.12 
0.09 
0.07 
0.07 
0.09 
0.06 
0.07 
0.06 
0.08 
0.08 
