1.36 
1.01 
0.87 
0.96 
0.90 
0.99 
0.81 
0.63 
0.96 
1.66 
1.11 
1.07 
0.97 
1.05 
0.49 
0.28 
0.35 
0.31 
0.74 
0.32 
0.24 
0.33 
0.80 
1.96 
2.67 
2.60 
2.15 
2.27 
2.91 
2.65 
2.36 
2.47 
4.05 
3.07 
2.46 
1.90 
1.54 
1.49 
1.12 
1.08 
1.48 
1.66 
1.34 
1.56 
1.94 
1.76 
2.22 
2.50 
1.58 
1.21 
0.99 
1.02 
1.33 
1.35 
1.49 
1.54 
1.99 
1.66 
1.23 
1.87 
1.27 
1.52 
1.91 
1.38 
1.16 
1.37 
1.77 
2.29 
1.88 
1.62 
1.75 
2.09 
1.93 
1.49 
1.86 
2.58 
1.39 
1.28 
1.55 
1.56 
1.33 
1.42 
1.87 
2.11 
1.55 
1.76 
2.48 
2.16 
1.38 
1.31 
1.46 
1.37 
0.69 
0.62 
1.15 
0.87 
