0.03 
0.02 
0.03 
0.04 
0.05 
0.09 
0.05 
0.03 
0.03 
0.03 
0.02 
0.00 
0.00 
0.00 
0.02 
0.00 
0.00 
0.00 
0.00 
0.00 
0.01 
0.04 
0.02 
0.02 
0.01 
0.05 
0.02 
0.07 
0.04 
0.03 
0.03 
0.03 
0.03 
0.03 
0.02 
0.03 
0.04 
0.06 
0.13 
0.11 
0.04 
0.13 
0.04 
0.08 
0.03 
0.03 
0.06 
0.11 
0.13 
0.19 
0.03 
0.04 
0.03 
0.04 
0.06 
0.05 
0.02 
0.04 
0.00 
0.05 
0.03 
0.01 
0.00 
0.09 
0.06 
0.05 
0.04 
0.03 
0.04 
0.02 
0.05 
0.05 
0.02 
0.04 
0.02 
0.02 
0.05 
0.03 
0.12 
0.13 
0.10 
0.03 
0.06 
0.06 
0.13 
0.05 
0.03 
0.05 
0.08 
0.03 
0.23 
0.05 
0.04 
0.06 
0.00 
0.01 
