1.16 
0.85 
0.75 
0.82 
0.77 
0.84 
0.69 
0.54 
0.82 
1.43 
0.94 
0.92 
0.83 
0.89 
0.41 
0.23 
0.30 
0.26 
0.64 
0.27 
0.21 
0.28 
0.68 
1.68 
2.27 
2.22 
1.83 
1.94 
2.49 
2.26 
2.02 
2.10 
3.46 
2.61 
2.10 
1.63 
1.32 
1.28 
0.96 
0.93 
1.27 
1.43 
1.14 
1.33 
1.66 
1.49 
1.90 
2.13 
1.35 
1.03 
0.84 
0.86 
1.13 
1.15 
1.28 
1.32 
1.71 
1.43 
1.05 
1.60 
1.09 
1.30 
1.64 
1.18 
1.00 
1.17 
1.50 
1.95 
1.61 
1.39 
1.48 
1.78 
1.65 
1.28 
1.58 
2.20 
1.19 
1.10 
1.32 
1.33 
1.13 
1.20 
1.60 
1.79 
1.32 
1.49 
2.11 
1.84 
1.18 
1.12 
1.24 
1.17 
0.59 
0.52 
0.99 
0.75 
