  0.77520000
  0.77040000
  0.76560000
  0.73920000
  0.71520000
  0.73440000
  0.69120000
  0.67680000
  0.72000000
  0.80640000
  0.72960000
  0.72240000
  0.67440000
  0.72720000
  0.67200000
  0.70320000
  0.74400000
  0.68400000
  0.55920000
  1.66320000
  1.95600000
  1.39680000
  1.02000000
  2.24400000
  0.94800000
  1.40640000
  0.48240000
  0.65760000
  0.73680000
  0.69120000
  0.50640000
  0.58320000
  0.87840000
  0.65040000
  0.41040000
  0.72480000
  0.80400000
  0.65760000
  0.63120000
  0.71040000
  0.56400000
  0.68880000
  0.67920000
  0.60000000
  0.35760000
  0.44880000
  0.63360000
  1.13520000
  0.98640000
  0.88320000
  0.30720000
  0.31440000
  0.39600000
  0.31200000
  0.29280000
  0.26160000
  0.30480000
  0.25200000
  0.27360000
  0.26400000
  0.35760000
  0.30720000
  0.32160000
  0.31920000
  0.76800000
  0.60960000
  0.61920000
  0.48240000
  0.54480000
  0.53520000
  1.08480000
  1.40880000
  1.29360000
  1.23120000
  0.98160000
  1.14720000
  0.92160000
  0.92880000
  0.80880000
  0.65280000
  0.67920000
  0.66240000
  0.67920000
  0.62400000
  1.56480000
  1.20960000
  0.77280000
  0.86640000
  0.81360000
  0.77520000
  0.77520000
  0.74880000
  0.69360000
  0.77280000
  0.64080000
  0.71280000
