0.11 
0.11 
0.12 
0.13 
0.13 
0.11 
0.11 
0.11 
0.12 
0.11 
0.10 
0.10 
0.12 
0.13 
0.10 
0.11 
0.10 
0.10 
0.11 
0.10 
0.10 
0.10 
0.11 
0.10 
1.11 
1.10 
1.02 
0.13 
0.27 
0.52 
0.60 
0.13 
0.10 
0.13 
0.11 
0.61 
0.10 
0.13 
0.22 
0.10 
0.20 
0.81 
0.16 
0.15 
0.11 
0.11 
0.13 
0.14 
0.09 
0.07 
0.09 
0.10 
0.16 
0.20 
0.13 
0.10 
0.09 
0.07 
0.08 
0.28 
0.11 
0.10 
0.10 
0.12 
0.12 
0.10 
0.09 
0.12 
0.10 
0.11 
0.12 
0.96 
0.12 
0.27 
0.15 
0.13 
0.13 
0.14 
0.15 
0.18 
0.14 
0.16 
0.16 
0.31 
0.16 
0.16 
0.24 
0.20 
0.16 
0.16 
0.13 
0.12 
0.12 
0.13 
0.14 
0.14 
