  0.77520000
  0.84480000
  0.77760000
  0.81360000
  0.75840000
  0.79200000
  0.82800000
  0.72000000
  0.59760000
  0.58320000
  0.58080000
  0.56160000
  0.57600000
  0.56880000
  0.62160000
  0.59760000
  0.54240000
  0.54720000
  0.53760000
  0.57360000
  0.59040000
  0.60240000
  0.58320000
  0.63600000
  0.72480000
  0.71040000
  0.99600000
  0.72480000
  0.72240000
  0.69840000
  0.47040000
  0.66480000
  0.43200000
  0.47520000
  0.45360000
  0.52320000
  0.45600000
  0.51360000
  0.43680000
  0.44880000
  0.52560000
  0.50160000
  0.46320000
  0.49200000
  0.81120000
  0.77040000
  0.83760000
  0.75840000
  0.60480000
  0.60000000
  0.59280000
  0.59520000
  0.58080000
  0.61440000
  0.54960000
  0.52560000
  0.57360000
  0.52080000
  0.42000000
  0.44640000
  0.42000000
  0.36000000
  0.37680000
  0.36240000
  0.38880000
  0.38640000
  0.37920000
  0.38160000
  0.56400000
  0.63120000
  0.73200000
  0.74400000
  0.72480000
  0.78720000
  0.71760000
  0.78480000
  0.77520000
  0.78000000
  0.82800000
  0.90000000
  0.84720000
  0.84240000
  0.91920000
  1.05120000
  0.90720000
  0.93600000
  0.88560000
  0.89520000
  0.90720000
  0.81840000
  0.84000000
  0.78960000
  0.91200000
  0.83520000
  0.75360000
  0.68880000
