0.13 
0.06 
0.09 
0.03 
0.10 
0.07 
0.03 
0.09 
0.09 
0.02 
0.04 
0.10 
0.06 
0.02 
0.09 
0.08 
0.72 
0.27 
0.09 
0.50 
1.03 
0.78 
0.95 
0.73 
0.86 
1.35 
0.34 
0.61 
0.65 
0.57 
0.54 
0.68 
0.61 
0.55 
0.56 
0.46 
0.46 
0.64 
0.53 
0.56 
0.59 
0.59 
0.62 
0.44 
0.65 
1.11 
0.79 
0.72 
0.74 
0.69 
0.83 
0.92 
0.70 
0.65 
0.67 
0.73 
0.53 
0.53 
0.62 
0.55 
0.69 
0.60 
0.56 
0.79 
0.54 
0.46 
0.49 
0.47 
0.61 
0.60 
0.54 
0.67 
0.79 
0.87 
0.97 
0.78 
0.70 
0.85 
0.69 
0.58 
0.80 
0.66 
0.35 
0.72 
0.44 
0.23 
0.18 
0.18 
0.05 
0.07 
0.05 
0.02 
0.11 
0.06 
0.02 
0.09 
