1.23 
0.91 
0.80 
0.87 
0.82 
0.89 
0.73 
0.58 
0.87 
1.52 
1.00 
0.98 
0.88 
0.95 
0.44 
0.25 
0.32 
0.28 
0.68 
0.29 
0.22 
0.30 
0.72 
1.79 
2.42 
2.36 
1.95 
2.06 
2.65 
2.41 
2.15 
2.24 
3.68 
2.78 
2.23 
1.74 
1.40 
1.36 
1.02 
0.99 
1.35 
1.52 
1.21 
1.42 
1.77 
1.59 
2.02 
2.27 
1.44 
1.10 
0.89 
0.92 
1.20 
1.22 
1.36 
1.40 
1.82 
1.52 
1.12 
1.70 
1.16 
1.38 
1.75 
1.26 
1.06 
1.24 
1.60 
2.08 
1.71 
1.48 
1.58 
1.89 
1.76 
1.36 
1.68 
2.34 
1.27 
1.17 
1.41 
1.42 
1.20 
1.28 
1.70 
1.91 
1.41 
1.59 
2.25 
1.96 
1.26 
1.19 
1.32 
1.25 
0.63 
0.55 
1.05 
0.80 
