0.12 
0.12 
0.13 
0.14 
0.14 
0.12 
0.12 
0.12 
0.13 
0.12 
0.11 
0.11 
0.13 
0.14 
0.11 
0.12 
0.11 
0.11 
0.12 
0.11 
0.11 
0.11 
0.12 
0.11 
1.26 
1.25 
1.16 
0.14 
0.31 
0.59 
0.67 
0.14 
0.11 
0.14 
0.12 
0.70 
0.11 
0.14 
0.25 
0.11 
0.23 
0.92 
0.18 
0.17 
0.12 
0.12 
0.14 
0.15 
0.10 
0.08 
0.10 
0.11 
0.18 
0.22 
0.14 
0.11 
0.10 
0.08 
0.09 
0.32 
0.12 
0.11 
0.11 
0.13 
0.13 
0.11 
0.10 
0.13 
0.11 
0.12 
0.13 
1.08 
0.13 
0.31 
0.17 
0.14 
0.14 
0.15 
0.17 
0.20 
0.15 
0.18 
0.18 
0.35 
0.18 
0.18 
0.28 
0.23 
0.18 
0.18 
0.14 
0.13 
0.13 
0.14 
0.15 
0.15 
