0.08 
0.08 
0.07 
0.09 
0.12 
0.14 
0.06 
0.10 
0.07 
0.06 
0.10 
0.09 
0.03 
0.05 
0.06 
0.05 
0.07 
0.09 
0.07 
0.06 
0.59 
0.65 
0.19 
0.13 
0.14 
0.36 
0.52 
0.32 
0.39 
0.80 
0.73 
0.98 
0.59 
0.63 
0.77 
0.48 
0.70 
0.81 
1.28 
0.31 
0.26 
0.23 
0.17 
0.17 
0.22 
0.58 
0.97 
1.52 
1.13 
0.72 
0.21 
0.31 
0.21 
0.21 
0.17 
0.18 
0.17 
0.12 
0.18 
0.20 
0.21 
0.21 
0.23 
0.17 
0.16 
0.18 
0.17 
0.20 
0.19 
0.16 
0.33 
0.36 
0.67 
0.69 
0.38 
0.41 
0.43 
0.64 
0.65 
0.53 
0.45 
0.37 
0.33 
0.34 
0.30 
0.25 
0.22 
0.22 
0.19 
0.20 
0.25 
0.22 
0.16 
0.10 
0.02 
0.02 
