0.13 
0.06 
0.09 
0.03 
0.10 
0.07 
0.03 
0.09 
0.09 
0.02 
0.04 
0.10 
0.06 
0.02 
0.09 
0.08 
0.71 
0.26 
0.09 
0.49 
1.01 
0.76 
0.93 
0.72 
0.84 
1.32 
0.33 
0.60 
0.64 
0.56 
0.53 
0.67 
0.60 
0.54 
0.55 
0.45 
0.45 
0.63 
0.52 
0.55 
0.58 
0.58 
0.61 
0.43 
0.64 
1.09 
0.77 
0.71 
0.72 
0.68 
0.81 
0.90 
0.69 
0.64 
0.66 
0.72 
0.52 
0.52 
0.61 
0.54 
0.68 
0.59 
0.55 
0.77 
0.53 
0.45 
0.48 
0.46 
0.60 
0.59 
0.53 
0.66 
0.77 
0.85 
0.95 
0.76 
0.69 
0.83 
0.68 
0.57 
0.78 
0.65 
0.34 
0.71 
0.43 
0.23 
0.18 
0.18 
0.05 
0.07 
0.05 
0.02 
0.11 
0.06 
0.02 
0.09 
