0.71 
0.71 
0.59 
0.60 
0.62 
0.63 
0.65 
0.63 
0.59 
0.58 
0.61 
0.64 
0.63 
0.62 
0.59 
0.60 
0.61 
0.62 
0.82 
1.23 
1.31 
1.15 
1.25 
1.20 
0.94 
0.85 
1.09 
0.78 
0.67 
0.68 
1.00 
0.68 
0.94 
0.77 
1.14 
1.06 
0.65 
0.69 
0.65 
0.66 
0.68 
0.68 
0.64 
0.79 
0.64 
0.64 
0.71 
0.75 
0.72 
0.68 
0.69 
0.82 
0.71 
0.67 
0.71 
0.68 
0.60 
0.86 
0.87 
0.77 
0.88 
0.72 
0.72 
0.66 
0.70 
0.79 
0.68 
0.71 
0.69 
0.75 
0.71 
0.80 
0.86 
0.80 
0.77 
0.89 
0.79 
0.85 
0.94 
0.91 
1.00 
1.15 
1.00 
0.98 
1.03 
1.14 
1.02 
0.93 
0.81 
0.81 
0.77 
0.80 
0.75 
0.74 
0.72 
0.69 
