0.04 
0.02 
0.04 
0.09 
0.10 
0.19 
0.10 
0.04 
0.04 
0.04 
0.02 
0.00 
0.00 
0.00 
0.02 
0.00 
0.00 
0.00 
0.00 
0.00 
0.01 
0.07 
0.02 
0.02 
0.01 
0.10 
0.02 
0.14 
0.09 
0.03 
0.04 
0.04 
0.04 
0.03 
0.02 
0.04 
0.08 
0.12 
0.26 
0.24 
0.09 
0.26 
0.09 
0.18 
0.04 
0.04 
0.13 
0.24 
0.26 
0.41 
0.04 
0.07 
0.04 
0.09 
0.12 
0.11 
0.02 
0.08 
0.00 
0.10 
0.04 
0.01 
0.00 
0.19 
0.13 
0.10 
0.09 
0.04 
0.07 
0.02 
0.11 
0.11 
0.02 
0.08 
0.02 
0.02 
0.10 
0.03 
0.25 
0.27 
0.22 
0.03 
0.13 
0.12 
0.27 
0.11 
0.03 
0.11 
0.18 
0.04 
0.48 
0.11 
0.08 
0.13 
0.00 
0.01 
