0.04 
0.02 
0.04 
0.08 
0.09 
0.17 
0.09 
0.04 
0.04 
0.04 
0.02 
0.00 
0.00 
0.00 
0.02 
0.00 
0.00 
0.00 
0.00 
0.00 
0.01 
0.06 
0.02 
0.02 
0.01 
0.09 
0.02 
0.13 
0.08 
0.03 
0.04 
0.04 
0.04 
0.03 
0.02 
0.04 
0.07 
0.11 
0.24 
0.22 
0.08 
0.24 
0.08 
0.16 
0.04 
0.04 
0.12 
0.22 
0.24 
0.37 
0.04 
0.06 
0.04 
0.08 
0.11 
0.10 
0.02 
0.07 
0.00 
0.09 
0.04 
0.01 
0.00 
0.17 
0.12 
0.09 
0.08 
0.04 
0.06 
0.02 
0.10 
0.10 
0.02 
0.07 
0.02 
0.02 
0.09 
0.03 
0.23 
0.25 
0.20 
0.03 
0.12 
0.11 
0.25 
0.10 
0.03 
0.10 
0.16 
0.04 
0.44 
0.10 
0.07 
0.12 
0.00 
0.01 
