97.82260723

97.49526981

95.95011653

95.62158554

96.86602837

95.07012303

76.60176881

47.39672440

30.22671925

31.75940571

30.35001360

40.13725779

95.65894506

109.55554735

119.69141754

121.48526223

112.49000632

103.24058680

57.53354071

38.07565881

48.06931059

70.79588299

98.36485897

101.42762910

103.06829893

102.89811728

101.07574691

99.33420106

97.57903969

96.50086761

82.62229801

55.20887611

55.64629198

77.84634520

98.50452694

102.85913563

106.66436374

107.87611592

79.11926735

50.18960036

36.14724405

37.46897600

35.92872223

35.47309804

34.02664533

29.56181923

25.72258055

25.54146498

24.58736646

30.06740719

76.92242718

93.81746380

105.47682033

108.15691808

88.38582895

61.31368944

52.74026679

68.94424742

90.84712543

95.01042082

96.99644421

97.92806193

98.97578474

98.28061913

99.33726537

100.26646230

98.67536171

94.15427761

45.96901525

31.62801645

27.74832140

24.50191014

21.78502775

21.90725220

21.72718096

22.56303635

28.38208842

29.92735769

30.97100698

31.51222222

71.26504426

91.13377826

104.85670868

104.80046477

103.18993107

101.50190364

66.86965170

42.75251557

52.21669642

73.78493093

101.08844779

106.24086721

107.31712567

106.59496373

102.73987263

100.21697530